Date,Performance,Return,SPY:1.000:x-1.0,2022-07-01,2022-08-01,M
2022-07-08,0.0875489043,12.1804415863,SPY:1.000:x-1.0
2022-07-07,-1.5461279461,12.1697870711,SPY:1.000:x-1.0
2022-07-06,-0.3462715413,12.3609024381,SPY:1.000:x-1.0
2022-07-05,-0.1928950330,12.4038534526,SPY:1.000:x-1.0
2022-07-01,-1.0576540755,12.4278261119,SPY:1.000:x-1.0
2022-06-30,0.6991456395,12.5606745987,SPY:1.000:x-1.0
2022-06-29,0.0701900566,12.4734668988,SPY:1.000:x-1.0
2022-06-28,1.8306826094,12.4647179062,SPY:1.000:x-1.0
2022-06-27,0.3447254690,12.2406308068,SPY:1.000:x-1.0
2022-06-24,-2.7056959176,12.1985791974,SPY:1.000:x-1.0
2022-06-23,-0.8193463982,12.5378143278,SPY:1.000:x-1.0
2022-06-22,0.1520443254,12.6413911106,SPY:1.000:x-1.0
2022-06-21,-2.0177544868,12.6221997721,SPY:1.000:x-1.0
2022-06-17,-0.1721215567,12.8821295185,SPY:1.000:x-1.0
2022-06-16,2.8097378462,12.9043406705,SPY:1.000:x-1.0
2022-06-15,-1.1792127916,12.5516716031,SPY:1.000:x-1.0
2022-06-14,0.2506008852,12.7014487111,SPY:1.000:x-1.0
2022-06-13,3.3941831113,12.6696983349,SPY:1.000:x-1.0
2022-06-10,2.7425850817,12.2537825181,SPY:1.000:x-1.0
2022-06-09,2.3584437226,11.9266830871,SPY:1.000:x-1.0
2022-06-08,1.1022245296,11.6518800534,SPY:1.000:x-1.0
2022-06-07,-0.9539425015,11.5248503261,SPY:1.000:x-1.0
2022-06-06,-0.3010635159,11.6358496412,SPY:1.000:x-1.0
2022-06-03,1.6771040021,11.6709867242,SPY:1.000:x-1.0
2022-06-02,-1.8736775566,11.4784806656,SPY:1.000:x-1.0
2022-06-01,0.8086994168,11.6976570402,SPY:1.000:x-1.0
2022-05-31,0.5700497811,11.6038170395,SPY:1.000:x-1.0
2022-05-27,-2.3764119466,11.5380444424,SPY:1.000:x-1.0
2022-05-26,-1.8611330171,11.8189104421,SPY:1.000:x-1.0
2022-05-25,-0.8090879372,12.0430475768,SPY:1.000:x-1.0
2022-05-24,0.7094766992,12.1412812186,SPY:1.000:x-1.0
2022-05-23,-1.6783737416,12.0557484921,SPY:1.000:x-1.0
2022-05-20,-0.0390597013,12.2615430103,SPY:1.000:x-1.0
2022-05-19,0.5554509727,12.2663342038,SPY:1.000:x-1.0
2022-05-18,3.9597286249,12.1985770887,SPY:1.000:x-1.0
2022-05-17,-1.9415428573,11.7339447208,SPY:1.000:x-1.0
2022-05-16,0.3860021310,11.9662750799,SPY:1.000:x-1.0
2022-05-13,-2.1728559363,11.9202626122,SPY:1.000:x-1.0
2022-05-12,0.0950174082,12.1850256657,SPY:1.000:x-1.0
2022-05-11,1.4921457306,12.1734587607,SPY:1.000:x-1.0
2022-05-10,-0.2160387549,11.9944835859,SPY:1.000:x-1.0
2022-05-09,3.1914039208,12.0204524217,SPY:1.000:x-1.0
2022-05-06,0.6020674492,11.6486954969,SPY:1.000:x-1.0
2022-05-05,3.8614996910,11.5789822140,SPY:1.000:x-1.0
2022-05-04,-3.1108712953,11.1484835559,SPY:1.000:x-1.0
2022-05-03,-0.4639995684,11.5064339054,SPY:1.000:x-1.0
2022-05-02,-0.6018604288,11.5600725924,SPY:1.000:x-1.0
2022-04-29,3.3251236730,11.6300693778,SPY:1.000:x-1.0
2022-04-28,-2.1687424187,11.2558001039,SPY:1.000:x-1.0
2022-04-27,-0.2399579455,11.5053208782,SPY:1.000:x-1.0
2022-04-26,2.6137596805,11.5329952166,SPY:1.000:x-1.0
2022-04-25,-0.5174793976,11.2392287862,SPY:1.000:x-1.0
2022-04-22,2.5836535555,11.2976920148,SPY:1.000:x-1.0
2022-04-21,1.4500688788,11.0131503638,SPY:1.000:x-1.0
2022-04-20,0.0721064282,10.8557347329,SPY:1.000:x-1.0
2022-04-19,-1.5195009821,10.8479126905,SPY:1.000:x-1.0
2022-04-18,-0.0386201183,11.0152901323,SPY:1.000:x-1.0
2022-04-14,1.2000183409,11.0195458939,SPY:1.000:x-1.0
2022-04-13,-1.0795026253,10.8888773684,SPY:1.000:x-1.0
2022-04-12,0.3517799241,11.0077058419,SPY:1.000:x-1.0
2022-04-11,1.6786739864,10.9691186846,SPY:1.000:x-1.0
2022-04-08,0.2640557191,10.7880229497,SPY:1.000:x-1.0
2022-04-07,-0.4925285183,10.7596115799,SPY:1.000:x-1.0
2022-04-06,0.9970997499,10.8128680387,SPY:1.000:x-1.0
2022-04-05,1.2922860980,10.7061173692,SPY:1.000:x-1.0
2022-04-04,-0.8614614740,10.5695288176,SPY:1.000:x-1.0
2022-04-01,-0.2833012377,10.6613724337,SPY:1.000:x-1.0
2022-03-31,1.7140348952,10.6916620446,SPY:1.000:x-1.0
2022-03-30,0.6968743784,10.5114914138,SPY:1.000:x-1.0
2022-03-29,-1.3602575188,10.4387464643,SPY:1.000:x-1.0
2022-03-28,-0.7705452701,10.5826984151,SPY:1.000:x-1.0
2022-03-25,-0.5235990140,10.6648761136,SPY:1.000:x-1.0
2022-03-24,-1.5678208420,10.7210112227,SPY:1.000:x-1.0
2022-03-23,1.3753829123,10.8917747370,SPY:1.000:x-1.0
2022-03-22,-1.2200323802,10.7440035481,SPY:1.000:x-1.0
2022-03-21,0.0304098971,10.8767028448,SPY:1.000:x-1.0
2022-03-18,-1.1177182231,10.8733962561,SPY:1.000:x-1.0
2022-03-17,-1.2453701466,10.9963039492,SPY:1.000:x-1.0
2022-03-16,-2.1136170568,11.1349756113,SPY:1.000:x-1.0
2022-03-15,-2.0097551066,11.3754081789,SPY:1.000:x-1.0
2022-03-14,0.6773459244,11.6087149198,SPY:1.000:x-1.0
2022-03-11,1.2081696567,11.5306127841,SPY:1.000:x-1.0
2022-03-10,0.4329376037,11.3929664208,SPY:1.000:x-1.0
2022-03-09,-2.4420460457,11.3438546085,SPY:1.000:x-1.0
2022-03-08,0.7008095827,11.6278111099,SPY:1.000:x-1.0
2022-03-07,2.8883158647,11.5468894024,SPY:1.000:x-1.0
2022-03-04,0.8090827249,11.2227411882,SPY:1.000:x-1.0
2022-03-03,0.5005137034,11.1326686891,SPY:1.000:x-1.0
2022-03-02,-1.7842897954,11.0772256567,SPY:1.000:x-1.0
2022-03-01,1.5230522882,11.2784661778,SPY:1.000:x-1.0
2022-02-28,0.2422278861,11.1092662440,SPY:1.000:x-1.0
2022-02-25,-2.0041064954,11.0824215286,SPY:1.000:x-1.0
2022-02-24,-1.3287880896,11.3090672806,SPY:1.000:x-1.0
2022-02-23,1.6204705449,11.4613645273,SPY:1.000:x-1.0
2022-02-22,1.0007508336,11.2785981662,SPY:1.000:x-1.0
2022-02-18,0.6117432942,11.1668458631,SPY:1.000:x-1.0
2022-02-17,2.1048115695,11.0989487882,SPY:1.000:x-1.0
2022-02-16,-0.1101316695,10.8701525595,SPY:1.000:x-1.0
2022-02-15,-1.5365174312,10.8821372389,SPY:1.000:x-1.0
2022-02-14,0.3133984986,11.0519524142,SPY:1.000:x-1.0
2022-02-11,1.9667959228,11.0174239729,SPY:1.000:x-1.0
2022-02-10,1.8584786397,10.8049133772,SPY:1.000:x-1.0
2022-02-09,-1.4702647868,10.6077702332,SPY:1.000:x-1.0
2022-02-08,-0.8131891127,10.7660598197,SPY:1.000:x-1.0
2022-02-07,0.3193468352,10.8543260171,SPY:1.000:x-1.0
2022-02-04,-0.4634631030,10.8197734131,SPY:1.000:x-1.0
2022-02-03,2.4296282129,10.8701525595,SPY:1.000:x-1.0
2022-02-02,-0.9847352510,10.6123128133,SPY:1.000:x-1.0
2022-02-01,-0.6755667416,10.7178553127,SPY:1.000:x-1.0
2022-01-31,-1.5671730594,10.7907540583,SPY:1.000:x-1.0
2022-01-28,-2.0646790327,10.9625562871,SPY:1.000:x-1.0
2022-01-27,0.4142563474,11.1936696371,SPY:1.000:x-1.0
2022-01-26,0.2114751663,11.1474904503,SPY:1.000:x-1.0
2022-01-25,1.0527064233,11.1239660246,SPY:1.000:x-1.0
2022-01-24,-0.3632714106,11.0080832254,SPY:1.000:x-1.0
2022-01-21,1.7428997607,11.0482182437,SPY:1.000:x-1.0
2022-01-20,1.0036562776,10.8589574994,SPY:1.000:x-1.0
2022-01-19,0.9606216580,10.7510538723,SPY:1.000:x-1.0
2022-01-18,1.6961575356,10.6487595815,SPY:1.000:x-1.0
2022-01-14,-0.0390198545,10.4711523420,SPY:1.000:x-1.0
2022-01-13,1.3551720366,10.4752397653,SPY:1.000:x-1.0
2022-01-12,-0.2645685812,10.3351802920,SPY:1.000:x-1.0
2022-01-11,-0.8751479204,10.3625964665,SPY:1.000:x-1.0
2022-01-10,0.1197273132,10.4540851755,SPY:1.000:x-1.0
2022-01-07,0.3839714394,10.4415837478,SPY:1.000:x-1.0
2022-01-06,0.0912162516,10.4016444041,SPY:1.000:x-1.0
2022-01-05,1.9414266276,10.3921650606,SPY:1.000:x-1.0
2022-01-04,0.0337085364,10.1942511542,SPY:1.000:x-1.0
2022-01-03,-0.5788487930,10.1908159793,SPY:1.000:x-1.0
2021-12-31,0.2778970358,10.2501488422,SPY:1.000:x-1.0
2021-12-30,0.3066005720,10.2217429216,SPY:1.000:x-1.0
2021-12-29,-0.1413977577,10.1904987940,SPY:1.000:x-1.0
2021-12-28,0.0905297040,10.2049283339,SPY:1.000:x-1.0
2021-12-27,-1.5229385273,10.1956981985,SPY:1.000:x-1.0
2021-12-23,-0.6611226040,10.3533737156,SPY:1.000:x-1.0
2021-12-22,-1.0405839046,10.4222777497,SPY:1.000:x-1.0
2021-12-21,-1.7840302491,10.5318707011,SPY:1.000:x-1.0
2021-12-20,1.0914094787,10.7231753938,SPY:1.000:x-1.0
2021-12-17,1.1156354939,10.6074051683,SPY:1.000:x-1.0
2021-12-16,0.9420885219,10.4903708675,SPY:1.000:x-1.0
2021-12-15,-1.6168617844,10.3924646509,SPY:1.000:x-1.0
2021-12-14,0.7220503957,10.5632579315,SPY:1.000:x-1.0
2021-12-13,0.9469805668,10.4875326605,SPY:1.000:x-1.0
2021-12-10,-0.9871845578,10.3891494343,SPY:1.000:x-1.0
2021-12-09,0.7179454307,10.4927320649,SPY:1.000:x-1.0
2021-12-08,-0.2801184396,10.4179369625,SPY:1.000:x-1.0
2021-12-07,-2.0980474547,10.4472015003,SPY:1.000:x-1.0
2021-12-06,-1.1731131565,10.6710859474,SPY:1.000:x-1.0
2021-12-03,0.8772477105,10.7977558418,SPY:1.000:x-1.0
2021-12-02,-1.4979752642,10.7038565057,SPY:1.000:x-1.0
2021-12-01,1.1107165842,10.8666360254,SPY:1.000:x-1.0
2021-11-30,1.9914603969,10.7472643776,SPY:1.000:x-1.0
2021-11-29,-1.2249881747,10.5374159129,SPY:1.000:x-1.0
2021-11-26,2.3314924839,10.6680988624,SPY:1.000:x-1.0
2021-11-24,-0.2777179087,10.4250398420,SPY:1.000:x-1.0
2021-11-23,-0.1374350098,10.4540726740,SPY:1.000:x-1.0
2021-11-22,0.2936659449,10.4684600031,SPY:1.000:x-1.0
2021-11-19,0.1872076992,10.4378077164,SPY:1.000:x-1.0
2021-11-18,-0.3531141616,10.4183038495,SPY:1.000:x-1.0
2021-11-17,0.2536357458,10.4552227216,SPY:1.000:x-1.0
2021-11-16,-0.4099361898,10.4287716289,SPY:1.000:x-1.0
2021-11-15,-0.0356241850,10.4716989124,SPY:1.000:x-1.0
2021-11-12,-0.7696959456,10.4754306992,SPY:1.000:x-1.0
2021-11-11,-0.0328935671,10.5566850762,SPY:1.000:x-1.0
2021-11-10,0.8334509891,10.5601586891,SPY:1.000:x-1.0
2021-11-09,0.3447391856,10.4728724303,SPY:1.000:x-1.0
2021-11-08,-0.0887482896,10.4368923725,SPY:1.000:x-1.0
2021-11-05,-0.3588682777,10.4461631636,SPY:1.000:x-1.0
2021-11-04,-0.4825687092,10.4837861464,SPY:1.000:x-1.0
2021-11-03,-0.6175313360,10.5346229403,SPY:1.000:x-1.0
2021-11-02,-0.4057537648,10.6000817669,SPY:1.000:x-1.0
2021-11-01,-0.1721484880,10.6432672244,SPY:1.000:x-1.0
2021-10-29,-0.2322971381,10.6616210438,SPY:1.000:x-1.0
2021-10-28,-1.0833935496,10.6864453505,SPY:1.000:x-1.0
2021-10-27,0.5020743864,10.8034896606,SPY:1.000:x-1.0
2021-10-26,-0.1016683653,10.7495190787,SPY:1.000:x-1.0
2021-10-25,-0.5998632591,10.7604590615,SPY:1.000:x-1.0
2021-10-22,0.1161649092,10.8253966386,SPY:1.000:x-1.0
2021-10-21,-0.2906889852,10.8128359176,SPY:1.000:x-1.0
2021-10-20,-0.4342639462,10.8443592755,SPY:1.000:x-1.0
2021-10-19,-0.8391064942,10.8916578185,SPY:1.000:x-1.0
2021-10-18,-0.3201537522,10.9838237973,SPY:1.000:x-1.0
2021-10-15,-0.8106734620,11.0191018654,SPY:1.000:x-1.0
2021-10-14,-1.7299756513,11.1091608846,SPY:1.000:x-1.0
2021-10-13,-0.3673407198,11.3047299603,SPY:1.000:x-1.0
2021-10-12,0.2525131985,11.3464099443,SPY:1.000:x-1.0
2021-10-11,0.7541144446,11.3178309274,SPY:1.000:x-1.0
2021-10-08,0.1905743975,11.2331203443,SPY:1.000:x-1.0
2021-10-07,-0.8880557811,11.2117536124,SPY:1.000:x-1.0
2021-10-06,-0.4232451969,11.3122123683,SPY:1.000:x-1.0
2021-10-05,-1.0381860452,11.3602942682,SPY:1.000:x-1.0
2021-10-04,1.3205923234,11.4794725502,SPY:1.000:x-1.0
2021-10-01,-1.1882858200,11.3298514024,SPY:1.000:x-1.0
2021-09-30,1.1399424820,11.4661014601,SPY:1.000:x-1.0
2021-09-29,-0.1564643393,11.3368676892,SPY:1.000:x-1.0
2021-09-28,1.9493000813,11.3546336417,SPY:1.000:x-1.0
2021-09-27,0.2782651849,11.1375297650,SPY:1.000:x-1.0
2021-09-24,-0.1597027141,11.1066238974,SPY:1.000:x-1.0
2021-09-23,-1.1505361297,11.1243898499,SPY:1.000:x-1.0
2021-09-22,-0.9065381682,11.2538696867,SPY:1.000:x-1.0
2021-09-21,0.0878275371,11.3568236276,SPY:1.000:x-1.0
2021-09-20,1.6040506686,11.3468579617,SPY:1.000:x-1.0
2021-09-17,0.9553870930,11.1677220416,SPY:1.000:x-1.0
2021-09-16,0.1559520202,11.0620367701,SPY:1.000:x-1.0
2021-09-15,-0.8083727796,11.0448121624,SPY:1.000:x-1.0
2021-09-14,0.5278381296,11.1348230409,SPY:1.000:x-1.0
2021-09-13,-0.2490792489,11.0763578010,SPY:1.000:x-1.0
2021-09-10,0.7796395926,11.1040155997,SPY:1.000:x-1.0
2021-09-09,0.4268079342,11.0181140204,SPY:1.000:x-1.0
2021-09-08,0.1217085910,10.9712876941,SPY:1.000:x-1.0
2021-09-07,0.3599043560,10.9579509264,SPY:1.000:x-1.0
2021-09-03,0.0245705784,10.9186542143,SPY:1.000:x-1.0
2021-09-02,-0.3080961188,10.9159720968,SPY:1.000:x-1.0
2021-09-01,-0.0530066685,10.9497077213,SPY:1.000:x-1.0
2021-08-31,0.1575807064,10.9555148747,SPY:1.000:x-1.0
2021-08-30,-0.4638948632,10.9382782586,SPY:1.000:x-1.0
2021-08-27,-0.9262594798,10.9892568566,SPY:1.000:x-1.0
2021-08-26,0.6190388196,11.0919975353,SPY:1.000:x-1.0
2021-08-25,-0.2191318408,11.0237562050,SPY:1.000:x-1.0
2021-08-24,-0.1651983678,11.0479658159,SPY:1.000:x-1.0
2021-08-23,-0.8992511308,11.0662470754,SPY:1.000:x-1.0
2021-08-20,-0.8006421842,11.1666634225,SPY:1.000:x-1.0
2021-08-19,-0.1554320130,11.2567900321,SPY:1.000:x-1.0
2021-08-18,1.1224900915,11.2743139252,SPY:1.000:x-1.0
2021-08-17,0.6813373929,11.1491656455,SPY:1.000:x-1.0
2021-08-16,-0.2434984731,11.0737162758,SPY:1.000:x-1.0
2021-08-13,-0.1876234287,11.1007464238,SPY:1.000:x-1.0
2021-08-12,-0.3069078855,11.1216131758,SPY:1.000:x-1.0
2021-08-11,-0.2533572758,11.1558513633,SPY:1.000:x-1.0
2021-08-10,-0.1264019068,11.1841873156,SPY:1.000:x-1.0
2021-08-09,0.0828595169,11.1983422337,SPY:1.000:x-1.0
2021-08-06,-0.1677711601,11.1890710235,SPY:1.000:x-1.0
2021-08-05,-0.6346420559,11.2078746048,SPY:1.000:x-1.0
2021-08-04,0.4979558215,11.2794587940,SPY:1.000:x-1.0
2021-08-03,-0.8103529455,11.2235703719,SPY:1.000:x-1.0
2021-08-02,0.2100101767,11.3152639466,SPY:1.000:x-1.0
2021-07-30,0.5150839025,11.2915505413,SPY:1.000:x-1.0
2021-07-29,-0.4362757846,11.2336876247,SPY:1.000:x-1.0
2021-07-28,0.0432817276,11.2829122386,SPY:1.000:x-1.0
2021-07-27,0.4840230846,11.2780309120,SPY:1.000:x-1.0
2021-07-26,-0.2592959044,11.2237055860,SPY:1.000:x-1.0
2021-07-23,-1.0651943293,11.2528838530,SPY:1.000:x-1.0
2021-07-22,-0.2158029337,11.3740394765,SPY:1.000:x-1.0
2021-07-21,-0.8210490148,11.3986380719,SPY:1.000:x-1.0
2021-07-20,-1.4123669143,11.4930012454,SPY:1.000:x-1.0
2021-07-19,1.4994436777,11.6576500375,SPY:1.000:x-1.0
2021-07-16,0.8092235113,11.4854324468,SPY:1.000:x-1.0
2021-07-15,0.3548386318,11.3932357048,SPY:1.000:x-1.0
2021-07-14,-0.1543541125,11.3529510486,SPY:1.000:x-1.0
2021-07-13,0.3555506073,11.3705018859,SPY:1.000:x-1.0
2021-07-12,-0.3708705088,11.3302172297,SPY:1.000:x-1.0
2021-07-09,-1.0819681516,11.3723940855,SPY:1.000:x-1.0
2021-07-08,0.8394548595,11.4967856446,SPY:1.000:x-1.0
2021-07-07,-0.3614105557,11.4010787352,SPY:1.000:x-1.0
2021-07-06,0.1870460412,11.4424328955,SPY:1.000:x-1.0
2021-07-02,-0.7728980580,11.4210702357,SPY:1.000:x-1.0
2021-07-01,-0.5537179900,11.5100310421,SPY:1.000:x-1.0
2021-06-30,-0.0878941309,11.5741190213,SPY:1.000:x-1.0
2021-06-29,-0.0561711562,11.5843009420,SPY:1.000:x-1.0
2021-06-28,-0.2091518116,11.5908116349,SPY:1.000:x-1.0
2021-06-25,-0.3663355131,11.6151048371,SPY:1.000:x-1.0
2021-06-24,-0.6028029727,11.6578115408,SPY:1.000:x-1.0
2021-06-23,0.1231575339,11.7285113559,SPY:1.000:x-1.0
2021-06-22,-0.5403773144,11.7140845782,SPY:1.000:x-1.0
2021-06-21,-1.4062560025,11.7777287526,SPY:1.000:x-1.0
2021-06-18,1.3616418553,11.9457161023,SPY:1.000:x-1.0
2021-06-17,0.0335960152,11.7852432968,SPY:1.000:x-1.0
2021-06-16,0.5702267686,11.7812852544,SPY:1.000:x-1.0
2021-06-15,0.1878979954,11.7144861188,SPY:1.000:x-1.0
2021-06-14,-0.2283401166,11.6925161154,SPY:1.000:x-1.0
2021-06-11,-0.1680963818,11.7192759237,SPY:1.000:x-1.0
2021-06-10,-0.4683681286,11.7390087727,SPY:1.000:x-1.0
2021-06-09,0.1507564613,11.7942492773,SPY:1.000:x-1.0
2021-06-08,-0.0216711105,11.7764954495,SPY:1.000:x-1.0
2021-06-07,0.0982251232,11.7790481000,SPY:1.000:x-1.0
2021-06-04,-0.9090777353,11.7674894690,SPY:1.000:x-1.0
2021-06-03,0.3716246518,11.8754465092,SPY:1.000:x-1.0
2021-06-02,-0.1568395855,11.8314778209,SPY:1.000:x-1.0
2021-06-01,0.0879364726,11.8500634113,SPY:1.000:x-1.0
2021-05-28,-0.1805704261,11.8396520389,SPY:1.000:x-1.0
2021-05-27,-0.0528935982,11.8610696229,SPY:1.000:x-1.0
2021-05-26,-0.1994217746,11.8673466895,SPY:1.000:x-1.0
2021-05-25,0.2238720060,11.8910600525,SPY:1.000:x-1.0
2021-05-24,-1.0079383938,11.8644987611,SPY:1.000:x-1.0
2021-05-21,0.0810498627,11.9853032340,SPY:1.000:x-1.0
2021-05-20,-1.0428998523,11.9755970291,SPY:1.000:x-1.0
2021-05-19,0.2554324536,12.1018067539,SPY:1.000:x-1.0
2021-05-18,0.8541820442,12.0709735699,SPY:1.000:x-1.0
2021-05-17,0.2536427678,11.9687387525,SPY:1.000:x-1.0
2021-05-14,-1.4846344768,11.9384577180,SPY:1.000:x-1.0
2021-05-13,-1.1346851877,12.1183712353,SPY:1.000:x-1.0
2021-05-12,2.0932219595,12.2574547589,SPY:1.000:x-1.0
2021-05-11,0.8950419803,12.0061396081,SPY:1.000:x-1.0
2021-05-10,1.0133951698,11.8996328982,SPY:1.000:x-1.0
2021-05-07,-0.7338986745,11.7802523895,SPY:1.000:x-1.0
2021-05-06,-0.7927021840,11.8673466895,SPY:1.000:x-1.0
2021-05-05,-0.0310862205,11.9621710809,SPY:1.000:x-1.0
2021-05-04,0.6197125277,11.9658908241,SPY:1.000:x-1.0
2021-05-03,-0.2155540275,11.8921934118,SPY:1.000:x-1.0
2021-04-30,0.7406274578,11.9178828883,SPY:1.000:x-1.0
2021-04-29,-0.7088044687,11.8302646996,SPY:1.000:x-1.0
2021-04-28,0.0320067702,11.9147167443,SPY:1.000:x-1.0
2021-04-27,0.0238751546,11.9109044485,SPY:1.000:x-1.0
2021-04-26,-0.2314319820,11.9080613804,SPY:1.000:x-1.0
2021-04-23,-1.1751267949,11.9356843713,SPY:1.000:x-1.0
2021-04-22,1.0091948867,12.0776116217,SPY:1.000:x-1.0
2021-04-21,-1.0250581660,11.9569427667,SPY:1.000:x-1.0
2021-04-20,0.8055167654,12.0807777657,SPY:1.000:x-1.0
2021-04-19,0.5459059762,11.9842426817,SPY:1.000:x-1.0
2021-04-16,-0.3688960664,11.9191751920,SPY:1.000:x-1.0
2021-04-15,-1.1595193227,11.9633073623,SPY:1.000:x-1.0
2021-04-14,0.3713308971,12.1036515406,SPY:1.000:x-1.0
2021-04-13,-0.3202021092,12.0588732185,SPY:1.000:x-1.0
2021-04-12,-0.0392420675,12.0976100210,SPY:1.000:x-1.0
2021-04-09,-0.7732102131,12.1023592369,SPY:1.000:x-1.0
2021-04-08,-0.4999815505,12.1966650971,SPY:1.000:x-1.0
2021-04-07,-0.1216186334,12.2579525986,SPY:1.000:x-1.0
2021-04-06,0.0621641555,12.2728787060,SPY:1.000:x-1.0
2021-04-05,-1.4666836235,12.2652541143,SPY:1.000:x-1.0
2021-04-01,-1.0798542736,12.4478243150,SPY:1.000:x-1.0
2021-03-31,-0.4400415408,12.5837100457,SPY:1.000:x-1.0
2021-03-30,0.2897191801,12.6393283409,SPY:1.000:x-1.0
2021-03-29,0.0550544787,12.6028155670,SPY:1.000:x-1.0
2021-03-26,-1.7041109053,12.5958809704,SPY:1.000:x-1.0
2021-03-25,-0.5879365951,12.8142500021,SPY:1.000:x-1.0
2021-03-24,0.5370068354,12.8900352364,SPY:1.000:x-1.0
2021-03-23,0.8451558682,12.8211845987,SPY:1.000:x-1.0
2021-03-22,-0.8435453740,12.7137337320,SPY:1.000:x-1.0
2021-03-19,0.1963012422,12.8218922106,SPY:1.000:x-1.0
2021-03-18,1.5903288234,12.7967719882,SPY:1.000:x-1.0
2021-03-17,-0.3702252693,12.5964470599,SPY:1.000:x-1.0
2021-03-16,0.1373087485,12.6432555870,SPY:1.000:x-1.0
2021-03-15,-0.6409364020,12.6259190955,SPY:1.000:x-1.0
2021-03-12,-0.1442945277,12.7073652249,SPY:1.000:x-1.0
2021-03-11,-1.0642277541,12.7257277537,SPY:1.000:x-1.0
2021-03-10,-0.6452388696,12.8626152753,SPY:1.000:x-1.0
2021-03-09,-1.4381144781,12.9461488599,SPY:1.000:x-1.0
2021-03-08,0.5065258177,13.1350458560,SPY:1.000:x-1.0
2021-03-05,-1.8045176743,13.0688487630,SPY:1.000:x-1.0
2021-03-04,1.2445396630,13.3090122412,SPY:1.000:x-1.0
2021-03-03,1.3682447180,13.1454123703,SPY:1.000:x-1.0
2021-03-02,0.8191445468,12.9679786869,SPY:1.000:x-1.0
2021-03-01,-2.4241643450,12.8626152753,SPY:1.000:x-1.0
2021-02-26,0.5506513664,13.1821728084,SPY:1.000:x-1.0
2021-02-25,2.7097674119,13.1099825106,SPY:1.000:x-1.0
2021-02-24,-1.2109544626,12.7641049542,SPY:1.000:x-1.0
2021-02-23,-0.1329902570,12.9205671385,SPY:1.000:x-1.0
2021-02-22,0.8569737368,12.9377731162,SPY:1.000:x-1.0
2021-02-19,0.1972092697,12.8278418803,SPY:1.000:x-1.0
2021-02-18,0.4802724284,12.8025939782,SPY:1.000:x-1.0
2021-02-17,-0.0258270527,12.7414005444,SPY:1.000:x-1.0
2021-02-16,0.0978275239,12.7446921228,SPY:1.000:x-1.0
2021-02-12,-0.5521714361,12.7322364911,SPY:1.000:x-1.0
2021-02-11,-0.1799347919,12.8029306169,SPY:1.000:x-1.0
2021-02-10,0.0484337799,12.8260090696,SPY:1.000:x-1.0
2021-02-09,0.0744566852,12.8197999559,SPY:1.000:x-1.0
2021-02-08,-0.7945565778,12.8102618596,SPY:1.000:x-1.0
2021-02-05,-0.4294618315,12.9128618528,SPY:1.000:x-1.0
2021-02-04,-1.2112353404,12.9685568546,SPY:1.000:x-1.0
2021-02-03,-0.0836991613,13.1275625313,SPY:1.000:x-1.0
2021-02-02,-1.4618381963,13.1385593954,SPY:1.000:x-1.0
2021-02-01,-1.6645379487,13.3334731995,SPY:1.000:x-1.0
2021-01-29,2.0424092983,13.5591707420,SPY:1.000:x-1.0
2021-01-28,-0.8624178324,13.2877798900,SPY:1.000:x-1.0
2021-01-27,2.5770766952,13.4033729686,SPY:1.000:x-1.0
2021-01-26,0.1651963814,13.0666357440,SPY:1.000:x-1.0
2021-01-25,-0.4138000498,13.0450857344,SPY:1.000:x-1.0
2021-01-22,0.3740658884,13.0992906055,SPY:1.000:x-1.0
2021-01-21,-0.0962320792,13.0504732368,SPY:1.000:x-1.0
2021-01-20,-1.4196696011,13.0630440757,SPY:1.000:x-1.0
2021-01-19,-0.7926969807,13.2511668635,SPY:1.000:x-1.0
2021-01-15,0.7472031713,13.3570477779,SPY:1.000:x-1.0
2021-01-14,0.3614965903,13.2579837033,SPY:1.000:x-1.0
2021-01-13,-0.2763905988,13.2102291752,SPY:1.000:x-1.0
2021-01-12,-0.0218519379,13.2468422017,SPY:1.000:x-1.0
2021-01-11,0.7013810354,13.2497375261,SPY:1.000:x-1.0
2021-01-08,-0.5859515621,13.1574536415,SPY:1.000:x-1.0
2021-01-07,-1.4829849574,13.2350043563,SPY:1.000:x-1.0
2021-01-06,-0.5898577019,13.4342319960,SPY:1.000:x-1.0
2021-01-05,-0.6702207041,13.5139450416,SPY:1.000:x-1.0
2021-01-04,1.3614209456,13.6051294359,SPY:1.000:x-1.0
2020-12-31,-0.5416487531,13.4223941506,SPY:1.000:x-1.0
2020-12-30,-0.1515602824,13.4954923164,SPY:1.000:x-1.0
2020-12-29,0.2036624120,13.5159771696,SPY:1.000:x-1.0
2020-12-28,-0.9003993075,13.4885061526,SPY:1.000:x-1.0
2020-12-24,-0.4046232758,13.6110600430,SPY:1.000:x-1.0
2020-12-23,-0.0931987962,13.6663573056,SPY:1.000:x-1.0
2020-12-22,0.1754517811,13.6791060678,SPY:1.000:x-1.0
2020-12-21,0.3751403512,13.6551478676,SPY:1.000:x-1.0
2020-12-18,0.4224683222,13.6041133490,SPY:1.000:x-1.0
2020-12-17,-0.5848105666,13.5468820637,SPY:1.000:x-1.0
2020-12-16,-0.1636755869,13.6265716948,SPY:1.000:x-1.0
2020-12-15,-1.3715899206,13.6489116310,SPY:1.000:x-1.0
2020-12-14,0.4584330186,13.8387221492,SPY:1.000:x-1.0
2020-12-11,0.1201964452,13.7755703860,SPY:1.000:x-1.0
2020-12-10,0.0335744765,13.7590325180,SPY:1.000:x-1.0
2020-12-09,0.9381879272,13.7544145453,SPY:1.000:x-1.0
2020-12-08,-0.3043656546,13.6265716948,SPY:1.000:x-1.0
2020-12-07,0.2144388849,13.6681729188,SPY:1.000:x-1.0
2020-12-04,-0.8840191031,13.6389257585,SPY:1.000:x-1.0
2020-12-03,0.0281175313,13.7605718422,SPY:1.000:x-1.0
2020-12-02,-0.2150088179,13.7567037968,SPY:1.000:x-1.0
2020-12-01,-1.0938663631,13.7863456556,SPY:1.000:x-1.0
2020-11-30,0.5565238338,13.9388176938,SPY:1.000:x-1.0
2020-11-27,-0.3480728906,13.8616741732,SPY:1.000:x-1.0
2020-11-25,0.1934728554,13.9100914305,SPY:1.000:x-1.0
2020-11-24,-1.9487005195,13.8832311468,SPY:1.000:x-1.0
2020-11-23,-0.7151637439,14.1591505879,SPY:1.000:x-1.0
2020-11-20,0.8294159717,14.2611410985,SPY:1.000:x-1.0
2020-11-19,-0.5053592956,14.1438299142,SPY:1.000:x-1.0
2020-11-18,1.4842443640,14.2156701246,SPY:1.000:x-1.0
2020-11-17,0.6712285742,14.0077607255,SPY:1.000:x-1.0
2020-11-16,-1.5153568909,13.9143635415,SPY:1.000:x-1.0
2020-11-13,-1.6308194098,14.1284601357,SPY:1.000:x-1.0
2020-11-12,1.1673515129,14.3626896666,SPY:1.000:x-1.0
2020-11-11,-0.8797251802,14.1969612249,SPY:1.000:x-1.0
2020-11-10,0.1744661268,14.3229639453,SPY:1.000:x-1.0
2020-11-09,-1.4526206061,14.2980187458,SPY:1.000:x-1.0
2020-11-06,0.0264059474,14.5087762188,SPY:1.000:x-1.0
2020-11-05,-2.1644591502,14.5049460504,SPY:1.000:x-1.0
2020-11-04,-2.3686491101,14.8258454182,SPY:1.000:x-1.0
2020-11-03,-1.8057694445,15.1855375174,SPY:1.000:x-1.0
2020-11-02,-1.1208615249,15.4647960797,SPY:1.000:x-1.0
2020-10-30,1.0125543464,15.6400999424,SPY:1.000:x-1.0
2020-10-29,-0.9677959113,15.4833228836,SPY:1.000:x-1.0
2020-10-28,3.4866822098,15.6346342344,SPY:1.000:x-1.0
2020-10-27,0.3540608389,15.1078707913,SPY:1.000:x-1.0
2020-10-26,1.9722935942,15.0545684599,SPY:1.000:x-1.0
2020-10-23,-0.3597451201,14.7633910441,SPY:1.000:x-1.0
2020-10-22,-0.5749162234,14.8166933754,SPY:1.000:x-1.0
2020-10-21,0.1991399916,14.9023695154,SPY:1.000:x-1.0
2020-10-20,-0.4181967182,14.8727519185,SPY:1.000:x-1.0
2020-10-19,1.6375514616,14.9352104786,SPY:1.000:x-1.0
2020-10-16,0.0648956103,14.6945791824,SPY:1.000:x-1.0
2020-10-15,0.1337873609,14.6850492301,SPY:1.000:x-1.0
2020-10-14,0.6882948185,14.6654287400,SPY:1.000:x-1.0
2020-10-13,0.7246189532,14.5651773788,SPY:1.000:x-1.0
2020-10-12,-1.7280187945,14.4603946187,SPY:1.000:x-1.0
2020-10-09,-0.9415716132,14.7146668270,SPY:1.000:x-1.0
2020-10-08,-0.9179714887,14.8545328920,SPY:1.000:x-1.0
2020-10-07,-1.7409089100,14.9921566153,SPY:1.000:x-1.0
2020-10-06,1.4634979807,15.2577806786,SPY:1.000:x-1.0
2020-10-05,-1.7621172263,15.0377041815,SPY:1.000:x-1.0
2020-10-02,0.9616303038,15.3074392047,SPY:1.000:x-1.0
2020-10-01,-0.6419715292,15.1616402772,SPY:1.000:x-1.0
2020-09-30,-0.6933318290,15.2596025812,SPY:1.000:x-1.0
2020-09-29,0.5031963600,15.3661409272,SPY:1.000:x-1.0
2020-09-28,-1.4874145072,15.2892061981,SPY:1.000:x-1.0
2020-09-25,-1.4045686341,15.5200537288,SPY:1.000:x-1.0
2020-09-24,-0.2304875402,15.7411489699,SPY:1.000:x-1.0
2020-09-23,2.0957034153,15.7775141742,SPY:1.000:x-1.0
2020-09-22,-0.9027563531,15.4536514725,SPY:1.000:x-1.0
2020-09-21,1.0075856686,15.5944311908,SPY:1.000:x-1.0
2020-09-18,1.0657072653,15.4388713358,SPY:1.000:x-1.0
2020-09-17,0.8282148037,15.2760731148,SPY:1.000:x-1.0
2020-09-16,0.3767570750,15.1505936553,SPY:1.000:x-1.0
2020-09-15,-0.4749969277,15.0937269710,SPY:1.000:x-1.0
2020-09-14,-1.2067617055,15.1657638835,SPY:1.000:x-1.0
2020-09-11,-0.0465659713,15.3510140424,SPY:1.000:x-1.0
2020-09-10,1.6439810100,15.3581657214,SPY:1.000:x-1.0
2020-09-09,-1.8005785964,15.1097640695,SPY:1.000:x-1.0
2020-09-08,2.6287640501,15.3868157811,SPY:1.000:x-1.0
2020-09-04,0.7984520521,14.9926932508,SPY:1.000:x-1.0
2020-09-03,3.6107546686,14.8739320352,SPY:1.000:x-1.0
2020-09-02,-1.4740004760,14.3555870072,SPY:1.000:x-1.0
2020-09-01,-0.9417838494,14.5703540959,SPY:1.000:x-1.0
2020-08-31,0.4199535805,14.7088799517,SPY:1.000:x-1.0
2020-08-28,-0.7384436607,14.6473678062,SPY:1.000:x-1.0
2020-08-27,-0.2486807788,14.7563350267,SPY:1.000:x-1.0
2020-08-26,-1.1168940217,14.7931226794,SPY:1.000:x-1.0
2020-08-25,-0.3870102627,14.9602123973,SPY:1.000:x-1.0
2020-08-24,-1.0970829804,15.0183348946,SPY:1.000:x-1.0
2020-08-21,-0.3809791655,15.1849261349,SPY:1.000:x-1.0
2020-08-20,-0.3327770752,15.2429987844,SPY:1.000:x-1.0
2020-08-19,0.4485303265,15.2938933554,SPY:1.000:x-1.0
2020-08-18,-0.2315850675,15.2256019134,SPY:1.000:x-1.0
2020-08-17,-0.3382271558,15.2609439809,SPY:1.000:x-1.0
2020-08-14,-0.0032552083,15.3127358117,SPY:1.000:x-1.0
2020-08-13,0.1930804154,15.3132342893,SPY:1.000:x-1.0
2020-08-12,-1.4486604632,15.2837244108,SPY:1.000:x-1.0
2020-08-11,0.8725001945,15.5083883006,SPY:1.000:x-1.0
2020-08-10,-0.3141604933,15.3742479572,SPY:1.000:x-1.0
2020-08-07,-0.0752513492,15.4226999876,SPY:1.000:x-1.0
2020-08-06,-0.6918206719,15.4343145175,SPY:1.000:x-1.0
2020-08-05,-0.6345270686,15.5418361528,SPY:1.000:x-1.0
2020-08-04,-0.3917323522,15.6410830586,SPY:1.000:x-1.0
2020-08-03,-0.6951099566,15.7025952042,SPY:1.000:x-1.0
2020-07-31,-0.8744203054,15.8125095323,SPY:1.000:x-1.0
2020-07-30,0.3978255498,15.9519970335,SPY:1.000:x-1.0
2020-07-29,-1.3366860773,15.8887873778,SPY:1.000:x-1.0
2020-07-28,0.6986139947,16.1040479445,SPY:1.000:x-1.0
2020-07-27,-0.7912042031,15.9923233356,SPY:1.000:x-1.0
2020-07-24,0.7081562359,16.1198643801,SPY:1.000:x-1.0
2020-07-23,1.3455255682,16.0065132583,SPY:1.000:x-1.0
2020-07-22,-0.6340928097,15.7940009375,SPY:1.000:x-1.0
2020-07-21,-0.2362110481,15.8947886494,SPY:1.000:x-1.0
2020-07-20,-0.8813862119,15.9324227923,SPY:1.000:x-1.0
2020-07-17,-0.3140902340,16.0740976728,SPY:1.000:x-1.0
2020-07-16,0.3595527583,16.1247439188,SPY:1.000:x-1.0
2020-07-15,-0.9840519297,16.0669746682,SPY:1.000:x-1.0
2020-07-14,-1.3516186008,16.2266533637,SPY:1.000:x-1.0
2020-07-13,0.9194579603,16.4489808485,SPY:1.000:x-1.0
2020-07-10,-1.0615407662,16.2991173169,SPY:1.000:x-1.0
2020-07-09,0.5986793435,16.4739954949,SPY:1.000:x-1.0
2020-07-08,-0.7920300910,16.3759560288,SPY:1.000:x-1.0
2020-07-07,1.0909178342,16.5066940124,SPY:1.000:x-1.0
2020-07-06,-1.5827566740,16.3285628087,SPY:1.000:x-1.0
2020-07-02,-0.5583681263,16.5911605089,SPY:1.000:x-1.0
2020-07-01,-0.7006639450,16.6843204363,SPY:1.000:x-1.0
2020-06-30,-1.2935184110,16.8020463169,SPY:1.000:x-1.0
2020-06-29,-1.4414244665,17.0222320221,SPY:1.000:x-1.0
2020-06-26,2.4445562779,17.2711830807,SPY:1.000:x-1.0
2020-06-25,-1.0798517463,16.8590540173,SPY:1.000:x-1.0
2020-06-24,2.7081261294,17.0430941673,SPY:1.000:x-1.0
2020-06-23,-0.4840783865,16.5937154240,SPY:1.000:x-1.0
2020-06-22,-0.6660643008,16.6744327491,SPY:1.000:x-1.0
2020-06-19,0.6000599015,16.7862399005,SPY:1.000:x-1.0
2020-06-18,-0.0403823794,16.6861132259,SPY:1.000:x-1.0
2020-06-17,0.4398662918,16.6928541976,SPY:1.000:x-1.0
2020-06-16,-1.9598029570,16.6197495217,SPY:1.000:x-1.0
2020-06-15,-0.9328941113,16.9519748256,SPY:1.000:x-1.0
2020-06-12,-1.1686838378,17.1116080090,SPY:1.000:x-1.0
2020-06-11,6.3493649921,17.3139533839,SPY:1.000:x-1.0
2020-06-10,0.6217158784,16.2802602396,SPY:1.000:x-1.0
2020-06-09,0.8442837895,16.1796686704,SPY:1.000:x-1.0
2020-06-08,-1.3340480658,16.0442100062,SPY:1.000:x-1.0
2020-06-05,-2.6844587263,16.2611414492,SPY:1.000:x-1.0
2020-06-04,0.2765465508,16.7097066269,SPY:1.000:x-1.0
2020-06-03,-1.3638740214,16.6636239496,SPY:1.000:x-1.0
2020-06-02,-0.8350274931,16.8940373360,SPY:1.000:x-1.0
2020-06-01,-0.4039367698,17.0362950838,SPY:1.000:x-1.0
2020-05-29,-0.4857095041,17.1053900438,SPY:1.000:x-1.0
2020-05-28,0.2019803013,17.1888780581,SPY:1.000:x-1.0
2020-05-27,-1.5789589507,17.1542298929,SPY:1.000:x-1.0
2020-05-26,-1.2745864836,17.4294334931,SPY:1.000:x-1.0
2020-05-22,-0.1958729356,17.6544547876,SPY:1.000:x-1.0
2020-05-21,0.7218074670,17.6891029528,SPY:1.000:x-1.0
2020-05-20,-1.7164833199,17.5623366951,SPY:1.000:x-1.0
2020-05-19,1.0596759149,17.8690560619,SPY:1.000:x-1.0
2020-05-18,-2.9590075361,17.6816874783,SPY:1.000:x-1.0
2020-05-15,-0.4428982591,18.2208436140,SPY:1.000:x-1.0
2020-05-14,-1.1255201948,18.3019024212,SPY:1.000:x-1.0
2020-05-13,1.7228114428,18.5102388981,SPY:1.000:x-1.0
2020-05-12,2.0210600261,18.1967433220,SPY:1.000:x-1.0
2020-05-11,-0.0207833160,17.8362617653,SPY:1.000:x-1.0
2020-05-08,-1.6229897699,17.8399695025,SPY:1.000:x-1.0
2020-05-07,-1.1561297876,18.1342871274,SPY:1.000:x-1.0
2020-05-06,0.6579778055,18.3463952681,SPY:1.000:x-1.0
2020-05-05,-0.8809316878,18.2264691464,SPY:1.000:x-1.0
2020-05-04,-0.2614388150,18.3884589078,SPY:1.000:x-1.0
2020-05-01,2.6472954023,18.4366594919,SPY:1.000:x-1.0
2020-04-30,1.2283206749,17.9611741543,SPY:1.000:x-1.0
2020-04-29,-3.2554309678,17.7432303871,SPY:1.000:x-1.0
2020-04-28,0.5774591796,18.3402857282,SPY:1.000:x-1.0
2020-04-27,-1.7544483669,18.2349861269,SPY:1.000:x-1.0
2020-04-24,-1.6455524605,18.5606226682,SPY:1.000:x-1.0
2020-04-23,0.0087467254,18.8711574642,SPY:1.000:x-1.0
2020-04-22,-2.4995842554,18.8695070002,SPY:1.000:x-1.0
2020-04-21,3.6552647747,19.3532579899,SPY:1.000:x-1.0
2020-04-20,2.2067725556,18.6707911382,SPY:1.000:x-1.0
2020-04-17,-3.1894934334,18.2676653135,SPY:1.000:x-1.0
2020-04-16,-0.5635934300,18.8695070002,SPY:1.000:x-1.0
2020-04-15,2.6021657944,18.9764570655,SPY:1.000:x-1.0
2020-04-14,-3.3898743453,18.4951817718,SPY:1.000:x-1.0
2020-04-13,1.0704576348,19.1441442049,SPY:1.000:x-1.0
2020-04-09,-1.7267437629,18.9413847061,SPY:1.000:x-1.0
2020-04-08,-3.5549407441,19.2742007657,SPY:1.000:x-1.0
2020-04-07,-0.1076594990,19.9846429816,SPY:1.000:x-1.0
2020-04-06,-6.2361973275,20.0061815364,SPY:1.000:x-1.0
2020-04-03,1.3806002337,21.3367855891,SPY:1.000:x-1.0
2020-04-02,-2.1087944482,21.0462214072,SPY:1.000:x-1.0
2020-04-01,4.5004572657,21.4996038597,SPY:1.000:x-1.0
2020-03-31,1.1910926981,20.5736935725,SPY:1.000:x-1.0
2020-03-30,-2.4519165609,20.3315262480,SPY:1.000:x-1.0
2020-03-27,2.3729262517,20.8425686402,SPY:1.000:x-1.0
2020-03-26,-4.2101511220,20.3594538159,SPY:1.000:x-1.0
2020-03-25,-1.0523704487,21.2542916127,SPY:1.000:x-1.0
2020-03-24,-5.5174010776,21.4803444096,SPY:1.000:x-1.0
2020-03-23,1.6237250974,22.7347095175,SPY:1.000:x-1.0
2020-03-20,2.9445391458,22.3714585306,SPY:1.000:x-1.0
2020-03-19,-0.1445508745,21.7315641182,SPY:1.000:x-1.0
2020-03-18,3.7676820551,21.7630227579,SPY:1.000:x-1.0
2020-03-17,-3.6720864811,20.9728330892,SPY:1.000:x-1.0
2020-03-16,9.1184637710,21.7723319472,SPY:1.000:x-1.0
2020-03-13,-6.1585286684,19.9529311491,SPY:1.000:x-1.0
2020-03-12,8.2506104118,21.2623809772,SPY:1.000:x-1.0
2020-03-11,4.6234709545,19.6418116224,SPY:1.000:x-1.0
2020-03-10,-4.4581887567,18.7738099713,SPY:1.000:x-1.0
2020-03-09,7.8730333277,19.6498367856,SPY:1.000:x-1.0
2020-03-06,1.7237917682,18.2157080222,SPY:1.000:x-1.0
2020-03-05,3.7185780158,17.9070281450,SPY:1.000:x-1.0
2020-03-04,-4.3176602444,17.2650150895,SPY:1.000:x-1.0
2020-03-03,3.1224201508,18.0440979324,SPY:1.000:x-1.0
2020-03-02,-4.3305649357,17.4977448221,SPY:1.000:x-1.0
2020-02-28,0.3613255417,18.2897963288,SPY:1.000:x-1.0
2020-02-27,4.2144537626,18.2239485480,SPY:1.000:x-1.0
2020-02-26,0.3476839408,17.4869683523,SPY:1.000:x-1.0
2020-02-25,3.0429754690,17.4263796288,SPY:1.000:x-1.0
2020-02-24,3.5682294724,16.9117589525,SPY:1.000:x-1.0
2020-02-21,1.1318488561,16.3290992215,SPY:1.000:x-1.0
2020-02-20,0.4556887819,16.1463469780,SPY:1.000:x-1.0
2020-02-19,-0.5248347177,16.0731036477,SPY:1.000:x-1.0
2020-02-18,0.2842435246,16.1579059478,SPY:1.000:x-1.0
2020-02-14,-0.1761513476,16.1121083232,SPY:1.000:x-1.0
2020-02-13,0.1175723019,16.1405401021,SPY:1.000:x-1.0
2020-02-12,-0.7008273609,16.1215855828,SPY:1.000:x-1.0
2020-02-11,-0.1879281427,16.2353674803,SPY:1.000:x-1.0
2020-02-10,-0.7965092581,16.2659357513,SPY:1.000:x-1.0
2020-02-07,0.5749424554,16.3965356759,SPY:1.000:x-1.0
2020-02-06,-0.3605962394,16.3028039347,SPY:1.000:x-1.0
2020-02-05,-1.2086290957,16.3618039845,SPY:1.000:x-1.0
2020-02-04,-1.5468483372,16.5619768557,SPY:1.000:x-1.0
2020-02-03,-0.7427902797,16.8221906317,SPY:1.000:x-1.0
2020-01-31,1.8825085636,16.9480793175,SPY:1.000:x-1.0
2020-01-30,-0.3341838241,16.6349254219,SPY:1.000:x-1.0
2020-01-29,0.0853404757,16.6907030516,SPY:1.000:x-1.0
2020-01-28,-1.0587096732,16.6764712717,SPY:1.000:x-1.0
2020-01-27,1.6730778756,16.8549158967,SPY:1.000:x-1.0
2020-01-24,0.9456099301,16.5775604013,SPY:1.000:x-1.0
2020-01-23,-0.1215115369,16.4222697875,SPY:1.000:x-1.0
2020-01-22,-0.0129817390,16.4422490170,SPY:1.000:x-1.0
2020-01-21,0.2084744010,16.4443837839,SPY:1.000:x-1.0
2020-01-17,-0.3291365651,16.4101727745,SPY:1.000:x-1.0
2020-01-16,-0.8651602442,16.4643630134,SPY:1.000:x-1.0
2020-01-15,-0.2341150320,16.6080492529,SPY:1.000:x-1.0
2020-01-14,0.1584097114,16.6470224348,SPY:1.000:x-1.0
2020-01-13,-0.7043888593,16.6206936420,SPY:1.000:x-1.0
2020-01-10,0.2964974598,16.7385984648,SPY:1.000:x-1.0
2020-01-09,-0.6892306089,16.6891156608,SPY:1.000:x-1.0
2020-01-08,-0.5358594973,16.8049404542,SPY:1.000:x-1.0
2020-01-07,0.2842865869,16.8954764694,SPY:1.000:x-1.0
2020-01-06,-0.3825614137,16.8475810563,SPY:1.000:x-1.0
2020-01-03,0.7713507608,16.9122809173,SPY:1.000:x-1.0
2020-01-02,-0.9350595640,16.7828264577,SPY:1.000:x-1.0
2019-12-31,-0.2561729133,16.9412371156,SPY:1.000:x-1.0
2019-12-30,0.5878513021,16.9847474379,SPY:1.000:x-1.0
2019-12-27,0.0264620270,16.8854858893,SPY:1.000:x-1.0
2019-12-26,-0.5618073520,16.8810188295,SPY:1.000:x-1.0
2019-12-24,-0.0034172029,16.9763934561,SPY:1.000:x-1.0
2019-12-23,-0.1606916222,16.9769735937,SPY:1.000:x-1.0
2019-12-20,-0.4571172407,17.0042980761,SPY:1.000:x-1.0
2019-12-19,-0.4240669850,17.0823846012,SPY:1.000:x-1.0
2019-12-18,-0.0064248445,17.1551338602,SPY:1.000:x-1.0
2019-12-17,-0.0226508989,17.1562361217,SPY:1.000:x-1.0
2019-12-16,-0.7002819927,17.1601230438,SPY:1.000:x-1.0
2019-12-13,-0.0607258246,17.2811397536,SPY:1.000:x-1.0
2019-12-12,-0.8627829239,17.2916402448,SPY:1.000:x-1.0
2019-12-11,-0.2822497728,17.4421279463,SPY:1.000:x-1.0
2019-12-10,0.1112324892,17.4914976587,SPY:1.000:x-1.0
2019-12-09,0.3154311447,17.4720630480,SPY:1.000:x-1.0
2019-12-06,-0.9001455681,17.4171240144,SPY:1.000:x-1.0
2019-12-05,-0.1766138253,17.5753275463,SPY:1.000:x-1.0
2019-12-04,-0.5987259060,17.6064229234,SPY:1.000:x-1.0
2019-12-03,0.6593805120,17.7124720823,SPY:1.000:x-1.0
2019-12-02,0.8495145631,17.5964445561,SPY:1.000:x-1.0
2019-11-29,0.4019725367,17.4482193914,SPY:1.000:x-1.0
2019-11-27,-0.4786295479,17.3783631442,SPY:1.000:x-1.0
2019-11-26,-0.2419426678,17.4619411542,SPY:1.000:x-1.0
2019-11-25,-0.8149820994,17.5042915041,SPY:1.000:x-1.0
2019-11-22,-0.2330648915,17.6481205272,SPY:1.000:x-1.0
2019-11-21,0.1691784426,17.6893481874,SPY:1.000:x-1.0
2019-11-20,0.3935849204,17.6594721674,SPY:1.000:x-1.0
2019-11-19,0.0305032685,17.5902396367,SPY:1.000:x-1.0
2019-11-18,-0.0779707751,17.5848756749,SPY:1.000:x-1.0
2019-11-15,-0.7541303056,17.5985974377,SPY:1.000:x-1.0
2019-11-14,-0.1510197344,17.7323222537,SPY:1.000:x-1.0
2019-11-13,-0.0337046699,17.7591420629,SPY:1.000:x-1.0
2019-11-12,-0.2179023223,17.7651297412,SPY:1.000:x-1.0
2019-11-11,0.1983263363,17.8039249071,SPY:1.000:x-1.0
2019-11-08,-0.2548912511,17.7686849252,SPY:1.000:x-1.0
2019-11-07,-0.3603760749,17.8140914859,SPY:1.000:x-1.0
2019-11-06,-0.0233683976,17.8785213996,SPY:1.000:x-1.0
2019-11-05,0.1134828047,17.8827003001,SPY:1.000:x-1.0
2019-11-04,-0.4093001906,17.8624295141,SPY:1.000:x-1.0
2019-11-01,-0.9264331463,17.9358409452,SPY:1.000:x-1.0
2019-10-31,0.2802223001,18.1035583101,SPY:1.000:x-1.0
2019-10-30,-0.3203593784,18.0529698627,SPY:1.000:x-1.0
2019-10-29,0.0309656605,18.1109901181,SPY:1.000:x-1.0
2019-10-28,-0.5824151435,18.1053836664,SPY:1.000:x-1.0
2019-10-25,-0.4195614745,18.2114499085,SPY:1.000:x-1.0
2019-10-24,-0.1669039146,18.2881800665,SPY:1.000:x-1.0
2019-10-23,-0.2952113316,18.3187547853,SPY:1.000:x-1.0
2019-10-22,0.3335766034,18.3729939454,SPY:1.000:x-1.0
2019-10-21,-0.6831030984,18.3119096990,SPY:1.000:x-1.0
2019-10-18,0.4449984729,18.4378592871,SPY:1.000:x-1.0
2019-10-17,-0.2981417483,18.3561745905,SPY:1.000:x-1.0
2019-10-16,0.1627907802,18.4110656635,SPY:1.000:x-1.0
2019-10-15,-0.9843376879,18.3811428577,SPY:1.000:x-1.0
2019-10-14,0.1107419712,18.5638740664,SPY:1.000:x-1.0
2019-10-11,-1.0123401797,18.5433388075,SPY:1.000:x-1.0
2019-10-10,-0.6517101774,18.7329802939,SPY:1.000:x-1.0
2019-10-09,-0.8983728556,18.8558658909,SPY:1.000:x-1.0
2019-10-08,1.5143979103,19.0267974747,SPY:1.000:x-1.0
2019-10-07,0.4247426569,18.7429545625,SPY:1.000:x-1.0
2019-10-04,-1.2966640464,18.6636819439,SPY:1.000:x-1.0
2019-10-03,-0.7724675858,18.9088664163,SPY:1.000:x-1.0
2019-10-02,1.7247019356,19.0560683676,SPY:1.000:x-1.0
2019-10-01,1.1895371440,18.7329802939,SPY:1.000:x-1.0
2019-09-30,-0.4776878596,18.5127640887,SPY:1.000:x-1.0
2019-09-27,0.5609784696,18.6016217776,SPY:1.000:x-1.0
2019-09-26,0.2181241325,18.4978528060,SPY:1.000:x-1.0
2019-09-25,-0.6113205619,18.4575923428,SPY:1.000:x-1.0
2019-09-24,0.8238947887,18.5711214267,SPY:1.000:x-1.0
2019-09-23,0.0246603678,18.4193652364,SPY:1.000:x-1.0
2019-09-20,0.5012281013,18.4148240730,SPY:1.000:x-1.0
2019-09-19,0.0073987481,18.3229841276,SPY:1.000:x-1.0
2019-09-18,-0.0635887729,18.3216285564,SPY:1.000:x-1.0
2019-09-17,-0.2669498400,18.3332864683,SPY:1.000:x-1.0
2019-09-16,0.3277524175,18.3823581440,SPY:1.000:x-1.0
2019-09-13,0.0703349424,18.3223063420,SPY:1.000:x-1.0
2019-09-12,-0.3651438814,18.3094284161,SPY:1.000:x-1.0
2019-09-11,-0.7391678413,18.3765291880,SPY:1.000:x-1.0
2019-09-10,0.0241688303,18.5133740957,SPY:1.000:x-1.0
2019-09-09,-0.0523383915,18.5089007109,SPY:1.000:x-1.0
2019-09-06,-0.0800904034,18.5185930446,SPY:1.000:x-1.0
2019-09-05,-1.2994466523,18.5334365487,SPY:1.000:x-1.0
2019-09-04,-1.1217628416,18.7774393558,SPY:1.000:x-1.0
2019-09-03,0.5844426255,18.9904673621,SPY:1.000:x-1.0
2019-08-30,0.0430675188,18.8801238705,SPY:1.000:x-1.0
2019-08-29,-1.2057618535,18.8719961700,SPY:1.000:x-1.0
2019-08-28,-0.6558539396,19.1023247145,SPY:1.000:x-1.0
2019-08-27,0.3681376205,19.2284351640,SPY:1.000:x-1.0
2019-08-26,-1.0159779465,19.1579076985,SPY:1.000:x-1.0
2019-08-23,2.4825685717,19.3545456136,SPY:1.000:x-1.0
2019-08-22,0.0295093805,18.8856952781,SPY:1.000:x-1.0
2019-08-21,-0.7740508662,18.8801238705,SPY:1.000:x-1.0
2019-08-20,0.7402189077,19.0274056689,SPY:1.000:x-1.0
2019-08-19,-1.1373266134,18.8875961112,SPY:1.000:x-1.0
2019-08-16,-1.3537615958,19.1048810074,SPY:1.000:x-1.0
2019-08-15,-0.2410639225,19.3670648942,SPY:1.000:x-1.0
2019-08-14,2.8612805090,19.4138647180,SPY:1.000:x-1.0
2019-08-13,-1.4602262033,18.8738314572,SPY:1.000:x-1.0
2019-08-12,1.1705685619,19.1535161184,SPY:1.000:x-1.0
2019-08-09,0.6639273130,18.9319051881,SPY:1.000:x-1.0
2019-08-08,-1.8411896918,18.8070401120,SPY:1.000:x-1.0
2019-08-07,-0.0553897283,19.1598085317,SPY:1.000:x-1.0
2019-08-06,-1.2796019766,19.1704269791,SPY:1.000:x-1.0
2019-08-05,2.9116096178,19.4189117578,SPY:1.000:x-1.0
2019-08-02,0.7401134491,18.8695054230,SPY:1.000:x-1.0
2019-08-01,0.8708083304,18.7308756929,SPY:1.000:x-1.0
2019-07-31,1.1533677307,18.5691737808,SPY:1.000:x-1.0
2019-07-30,0.2597575105,18.3574449347,SPY:1.000:x-1.0
2019-07-29,0.1937167742,18.3098836368,SPY:1.000:x-1.0
2019-07-26,-0.7026122197,18.2744828980,SPY:1.000:x-1.0
2019-07-25,0.5058275316,18.4037901767,SPY:1.000:x-1.0
2019-07-24,-0.4930539239,18.3111672514,SPY:1.000:x-1.0
2019-07-23,-0.7390347361,18.4018985341,SPY:1.000:x-1.0
2019-07-22,-0.2529915524,18.5389075003,SPY:1.000:x-1.0
2019-07-19,0.5780050964,18.5859283289,SPY:1.000:x-1.0
2019-07-18,-0.3780525559,18.4791180846,SPY:1.000:x-1.0
2019-07-17,0.6883324532,18.5492439755,SPY:1.000:x-1.0
2019-07-16,0.3643751518,18.4224363673,SPY:1.000:x-1.0
2019-07-15,-0.0349530709,18.3555532922,SPY:1.000:x-1.0
2019-07-12,-0.4672811634,18.3619713650,SPY:1.000:x-1.0
2019-07-11,-0.2436654295,18.4481762175,SPY:1.000:x-1.0
2019-07-10,-0.4918408224,18.4932378449,SPY:1.000:x-1.0
2019-07-09,-0.1277950632,18.5846447143,SPY:1.000:x-1.0
2019-07-08,0.5703248515,18.6084253633,SPY:1.000:x-1.0
2019-07-05,0.1184405330,18.5028987335,SPY:1.000:x-1.0
2019-07-03,-0.8186706210,18.4810097271,SPY:1.000:x-1.0
2019-07-02,-0.2650553615,18.6335571854,SPY:1.000:x-1.0
2019-07-01,-0.9079833739,18.6830776845,SPY:1.000:x-1.0
2019-06-28,-0.5847761634,18.8542713335,SPY:1.000:x-1.0
2019-06-27,-0.4001190976,18.9651751572,SPY:1.000:x-1.0
2019-06-26,0.1126986007,19.0413632882,SPY:1.000:x-1.0
2019-06-25,1.1327315224,19.0199280953,SPY:1.000:x-1.0
2019-06-24,0.1418439716,18.8068964509,SPY:1.000:x-1.0
2019-06-21,0.1690091837,18.7802577873,SPY:1.000:x-1.0
2019-06-20,-1.0874330598,18.7485709806,SPY:1.000:x-1.0
2019-06-19,-0.2558370490,18.9546905520,SPY:1.000:x-1.0
2019-06-18,-1.1601274848,19.0033080545,SPY:1.000:x-1.0
2019-06-17,-0.0419925463,19.2263583218,SPY:1.000:x-1.0
2019-06-14,0.1224935317,19.2344353509,SPY:1.000:x-1.0
2019-06-13,-0.4539454622,19.2109032371,SPY:1.000:x-1.0
2019-06-12,0.1951581426,19.2985079381,SPY:1.000:x-1.0
2019-06-11,0.0266195581,19.2609186870,SPY:1.000:x-1.0
2019-06-10,-0.5020285807,19.2557928800,SPY:1.000:x-1.0
2019-06-07,-1.0726862016,19.3529502213,SPY:1.000:x-1.0
2019-06-06,-0.6876022631,19.5627976524,SPY:1.000:x-1.0
2019-06-05,-0.8998273019,19.6982432185,SPY:1.000:x-1.0
2019-06-04,-2.1598850100,19.8771028165,SPY:1.000:x-1.0
2019-06-03,0.2544802318,20.3159029592,SPY:1.000:x-1.0
2019-05-31,1.2167726165,20.2643342344,SPY:1.000:x-1.0
2019-05-30,-0.2452098929,20.0207275046,SPY:1.000:x-1.0
2019-05-29,0.6106001837,20.0699409853,SPY:1.000:x-1.0
2019-05-28,0.8615833365,19.9481376204,SPY:1.000:x-1.0
2019-05-24,-0.2093406631,19.7777359432,SPY:1.000:x-1.0
2019-05-23,1.1540205826,19.8192256416,SPY:1.000:x-1.0
2019-05-22,0.2917961206,19.5931170382,SPY:1.000:x-1.0
2019-05-21,-0.8416538881,19.5361114229,SPY:1.000:x-1.0
2019-05-20,0.6252378243,19.7019335123,SPY:1.000:x-1.0
2019-05-17,0.6192744338,19.5795149789,SPY:1.000:x-1.0
2019-05-16,-0.8712002507,19.4590103030,SPY:1.000:x-1.0
2019-05-15,-0.5450817969,19.6300271488,SPY:1.000:x-1.0
2019-05-14,-0.8266619959,19.7376132859,SPY:1.000:x-1.0
2019-05-13,2.4135711497,19.9021366863,SPY:1.000:x-1.0
2019-05-10,-0.4778173722,19.4331048735,SPY:1.000:x-1.0
2019-05-09,0.2896271358,19.5264054309,SPY:1.000:x-1.0
2019-05-08,0.1332302176,19.4700149841,SPY:1.000:x-1.0
2019-05-07,1.6563331963,19.4441095547,SPY:1.000:x-1.0
2019-05-06,0.4115713630,19.1272977721,SPY:1.000:x-1.0
2019-05-03,-0.9598811610,19.0488979631,SPY:1.000:x-1.0
2019-05-02,0.2126128950,19.2335168681,SPY:1.000:x-1.0
2019-05-01,0.7517124332,19.1927106903,SPY:1.000:x-1.0
2019-04-30,-0.0552613042,19.0495131316,SPY:1.000:x-1.0
2019-04-29,-0.1693881436,19.0600459616,SPY:1.000:x-1.0
2019-04-26,-0.4986721405,19.0923862002,SPY:1.000:x-1.0
2019-04-25,0.0661467762,19.1880717684,SPY:1.000:x-1.0
2019-04-24,0.2388522683,19.1753878675,SPY:1.000:x-1.0
2019-04-23,-0.9501716761,19.1296961543,SPY:1.000:x-1.0
2019-04-22,-0.0909401368,19.3132047556,SPY:1.000:x-1.0
2019-04-18,-0.2067769222,19.3307841972,SPY:1.000:x-1.0
2019-04-17,0.2583711484,19.3708386211,SPY:1.000:x-1.0
2019-04-16,-0.0690560044,19.3209189410,SPY:1.000:x-1.0
2019-04-15,0.0691037247,19.3342704156,SPY:1.000:x-1.0
2019-04-12,-0.7044669610,19.3209189410,SPY:1.000:x-1.0
2019-04-11,0.0285985563,19.4579940805,SPY:1.000:x-1.0
2019-04-10,-0.3529903488,19.4524309661,SPY:1.000:x-1.0
2019-04-09,0.5359523564,19.5213394102,SPY:1.000:x-1.0
2019-04-08,-0.0793938584,19.4172720829,SPY:1.000:x-1.0
2019-04-05,-0.5005639890,19.4327004536,SPY:1.000:x-1.0
2019-04-04,-0.2727035145,19.5304629179,SPY:1.000:x-1.0
2019-04-03,-0.1614671961,19.5838688164,SPY:1.000:x-1.0
2019-04-02,-0.0498900152,19.6155414812,SPY:1.000:x-1.0
2019-04-01,-1.1861456987,19.6253325626,SPY:1.000:x-1.0
2019-03-29,-0.6455931916,19.8609119150,SPY:1.000:x-1.0
2019-03-28,-0.3847922735,19.9899657731,SPY:1.000:x-1.0
2019-03-27,0.5367456951,20.0671827418,SPY:1.000:x-1.0
2019-03-26,-0.7541137825,19.9600480432,SPY:1.000:x-1.0
2019-03-25,0.0761576732,20.1117132446,SPY:1.000:x-1.0
2019-03-22,2.0284648874,20.0964082877,SPY:1.000:x-1.0
2019-03-21,-1.1631721333,19.6968643112,SPY:1.000:x-1.0
2019-03-20,0.3116362257,19.9286690360,SPY:1.000:x-1.0
2019-03-19,-0.0255437727,19.8667570242,SPY:1.000:x-1.0
2019-03-18,-0.3728595280,19.8718330401,SPY:1.000:x-1.0
2019-03-15,-0.5029578989,19.9462043635,SPY:1.000:x-1.0
2019-03-14,0.0652621234,20.0470324969,SPY:1.000:x-1.0
2019-03-13,-0.6658175523,20.0339579106,SPY:1.000:x-1.0
2019-03-12,-0.3764839966,20.1682416032,SPY:1.000:x-1.0
2019-03-11,-1.4068416854,20.2444587506,SPY:1.000:x-1.0
2019-03-08,0.1947744894,20.5333301992,SPY:1.000:x-1.0
2019-03-07,0.8286916510,20.4934142562,SPY:1.000:x-1.0
2019-03-06,0.6072096149,20.3249828205,SPY:1.000:x-1.0
2019-03-05,0.1364750552,20.2023124370,SPY:1.000:x-1.0
2019-03-04,0.3684629394,20.1747788963,SPY:1.000:x-1.0
2019-03-01,-0.6243393486,20.1007152102,SPY:1.000:x-1.0
2019-02-28,0.1991934697,20.2270003323,SPY:1.000:x-1.0
2019-02-27,0.0463644572,20.1867895658,SPY:1.000:x-1.0
2019-02-26,0.0765191909,20.1774344079,SPY:1.000:x-1.0
2019-02-25,-0.1455000650,20.1620066035,SPY:1.000:x-1.0
2019-02-22,-0.6553048197,20.1913850820,SPY:1.000:x-1.0
2019-02-21,0.3785407134,20.3245729883,SPY:1.000:x-1.0
2019-02-20,-0.2139396439,20.2479263435,SPY:1.000:x-1.0
2019-02-19,-0.1828684921,20.2913375588,SPY:1.000:x-1.0
2019-02-15,-1.1259679093,20.3285120022,SPY:1.000:x-1.0
2019-02-14,0.2300322045,20.5600111297,SPY:1.000:x-1.0
2019-02-13,-0.3349215526,20.5128250261,SPY:1.000:x-1.0
2019-02-12,-1.2924605158,20.5817577687,SPY:1.000:x-1.0
2019-02-11,-0.0554615899,20.8512519675,SPY:1.000:x-1.0
2019-02-08,-0.1225730921,20.8628228207,SPY:1.000:x-1.0
2019-02-07,0.9734695821,20.8884264108,SPY:1.000:x-1.0
2019-02-06,0.1350556906,20.6870443269,SPY:1.000:x-1.0
2019-02-05,-0.4255925070,20.6591429787,SPY:1.000:x-1.0
2019-02-04,-0.7041949281,20.7474425395,SPY:1.000:x-1.0
2019-02-01,-0.0482845254,20.8945811200,SPY:1.000:x-1.0
2019-01-31,-1.0119074775,20.9046748430,SPY:1.000:x-1.0
2019-01-30,-1.7635854342,21.1183732410,SPY:1.000:x-1.0
2019-01-29,0.1481182253,21.4975000201,SPY:1.000:x-1.0
2019-01-28,0.8633334541,21.4657053982,SPY:1.000:x-1.0
2019-01-25,-0.9439758199,21.2819710227,SPY:1.000:x-1.0
2019-01-24,-0.0591596639,21.4847821713,SPY:1.000:x-1.0
2019-01-23,-0.2320652466,21.4975000201,SPY:1.000:x-1.0
2019-01-22,1.5423592603,21.5475042890,SPY:1.000:x-1.0
2019-01-18,-1.4775218072,21.2202123783,SPY:1.000:x-1.0
2019-01-17,-0.8286827139,21.5384476391,SPY:1.000:x-1.0
2019-01-16,-0.2632591931,21.7184244684,SPY:1.000:x-1.0
2019-01-15,-1.2167991713,21.7757511352,SPY:1.000:x-1.0
2019-01-14,0.6559439698,22.0439821270,SPY:1.000:x-1.0
2019-01-11,-0.0413368514,21.9003282445,SPY:1.000:x-1.0
2019-01-10,-0.3763268918,21.9093848944,SPY:1.000:x-1.0
2019-01-09,-0.4934805638,21.9921472586,SPY:1.000:x-1.0
2019-01-08,-0.9738956257,22.1012124464,SPY:1.000:x-1.0
2019-01-07,-0.8041965528,22.3185720432,SPY:1.000:x-1.0
2019-01-04,-3.2000663226,22.4995123459,SPY:1.000:x-1.0
2019-01-03,2.3912296115,23.2433138032,SPY:1.000:x-1.0
2019-01-02,-0.1038769419,22.7004928951,SPY:1.000:x-1.0
2018-12-31,-0.7225362150,22.7240979932,SPY:1.000:x-1.0
2018-12-28,0.1066595089,22.8894827958,SPY:1.000:x-1.0
2018-12-27,-0.6257743211,22.8650949978,SPY:1.000:x-1.0
2018-12-26,-3.7737123482,23.0090799114,SPY:1.000:x-1.0
2018-12-24,2.0689488761,23.9114284390,SPY:1.000:x-1.0
2018-12-21,1.6649845101,23.4267411415,SPY:1.000:x-1.0
2018-12-20,1.3633618699,23.0430774709,SPY:1.000:x-1.0
2018-12-19,1.2895518951,22.7331424746,SPY:1.000:x-1.0
2018-12-18,0.0943586493,22.4437190700,SPY:1.000:x-1.0
2018-12-17,1.7572534806,22.4225614439,SPY:1.000:x-1.0
2018-12-14,1.7135593726,22.0353445842,SPY:1.000:x-1.0
2018-12-13,0.0316943029,21.6641170756,SPY:1.000:x-1.0
2018-12-12,-0.4631914933,21.6572529602,SPY:1.000:x-1.0
2018-12-11,-0.0207799147,21.7580343243,SPY:1.000:x-1.0
2018-12-10,-0.1740992217,21.7625565650,SPY:1.000:x-1.0
2018-12-07,2.2277508918,21.8005110852,SPY:1.000:x-1.0
2018-12-06,0.1460031173,21.3254335491,SPY:1.000:x-1.0
2018-12-04,3.3271682824,21.2943431443,SPY:1.000:x-1.0
2018-12-03,-1.3243010204,20.6086583986,SPY:1.000:x-1.0
2018-11-30,-0.6244691414,20.8852418698,SPY:1.000:x-1.0
2018-11-29,0.2246104288,21.0164833228,SPY:1.000:x-1.0
2018-11-28,-2.2647641294,20.9693838997,SPY:1.000:x-1.0
2018-11-27,-0.3285926191,21.4552957415,SPY:1.000:x-1.0
2018-11-26,-1.5289007480,21.5260286829,SPY:1.000:x-1.0
2018-11-23,0.6408673509,21.8602502119,SPY:1.000:x-1.0
2018-11-21,-0.3249687530,21.7210471127,SPY:1.000:x-1.0
2018-11-20,1.8300228704,21.7918638610,SPY:1.000:x-1.0
2018-11-19,1.7306221316,21.4002346722,SPY:1.000:x-1.0
2018-11-16,-0.2646280506,21.0361779214,SPY:1.000:x-1.0
2018-11-15,-1.0404215162,21.0919932520,SPY:1.000:x-1.0
2018-11-14,0.6908838959,21.3137460518,SPY:1.000:x-1.0
2018-11-13,0.1900069815,21.1675031812,SPY:1.000:x-1.0
2018-11-12,1.9694450849,21.1273597227,SPY:1.000:x-1.0
2018-11-09,1.0508632529,20.7193044006,SPY:1.000:x-1.0
2018-11-08,0.1957588317,20.5038371109,SPY:1.000:x-1.0
2018-11-07,-2.2130202159,20.4637774593,SPY:1.000:x-1.0
2018-11-06,-0.6457722409,20.9268938508,SPY:1.000:x-1.0
2018-11-05,-0.5567117998,21.0629122915,SPY:1.000:x-1.0
2018-11-02,0.6050618198,21.1808284628,SPY:1.000:x-1.0
2018-11-01,-1.0645210837,21.0534421228,SPY:1.000:x-1.0
2018-10-31,-0.9116547740,21.2799719103,SPY:1.000:x-1.0
2018-10-30,-1.2310046716,21.4757566713,SPY:1.000:x-1.0
2018-10-29,0.4649531844,21.7434191771,SPY:1.000:x-1.0
2018-10-26,1.5253326396,21.6427903343,SPY:1.000:x-1.0
2018-10-25,-1.5057367017,21.3176256325,SPY:1.000:x-1.0
2018-10-24,2.6930174745,21.6435200576,SPY:1.000:x-1.0
2018-10-23,0.4570323505,21.0759412761,SPY:1.000:x-1.0
2018-10-22,0.4061548347,20.9800556347,SPY:1.000:x-1.0
2018-10-19,0.0492657310,20.8951888151,SPY:1.000:x-1.0
2018-10-18,1.3455947706,20.8848997166,SPY:1.000:x-1.0
2018-10-17,-0.0166401133,20.6076048632,SPY:1.000:x-1.0
2018-10-16,-1.9539779019,20.6110345627,SPY:1.000:x-1.0
2018-10-15,0.5072830353,21.0217958074,SPY:1.000:x-1.0
2018-10-12,-1.2223784514,20.9156940398,SPY:1.000:x-1.0
2018-10-11,2.0223612967,21.1745268937,SPY:1.000:x-1.0
2018-10-10,3.0948014006,20.7547900525,SPY:1.000:x-1.0
2018-10-09,0.1430189337,20.1317523003,SPY:1.000:x-1.0
2018-10-08,0.0000000000,20.1030012024,SPY:1.000:x-1.0
2018-10-05,0.5548093208,20.1030012024,SPY:1.000:x-1.0
2018-10-04,0.7868917592,19.9920832610,SPY:1.000:x-1.0
2018-10-03,-0.0551513168,19.8359954475,SPY:1.000:x-1.0
2018-10-02,0.0584945920,19.8469412970,SPY:1.000:x-1.0
2018-10-01,-0.3471827604,19.8353386965,SPY:1.000:x-1.0
2018-09-28,-0.0103868740,19.9044434929,SPY:1.000:x-1.0
2018-09-27,-0.2811368286,19.9065111571,SPY:1.000:x-1.0
2018-09-26,0.3027660798,19.9626334718,SPY:1.000:x-1.0
2018-09-25,0.0939605292,19.9023758287,SPY:1.000:x-1.0
2018-09-24,0.3391068447,19.8836930055,SPY:1.000:x-1.0
2018-09-21,0.0936214337,19.8164939183,SPY:1.000:x-1.0
2018-09-20,-0.8153752243,19.7979587854,SPY:1.000:x-1.0
2018-09-19,-0.1071712338,19.9607134978,SPY:1.000:x-1.0
2018-09-18,-0.5388497433,19.9821285916,SPY:1.000:x-1.0
2018-09-17,0.5313665136,20.0903855827,SPY:1.000:x-1.0
2018-09-14,-0.0169949274,19.9841962558,SPY:1.000:x-1.0
2018-09-13,-0.5865587330,19.9875931327,SPY:1.000:x-1.0
2018-09-12,-0.0242351248,20.1055238386,SPY:1.000:x-1.0
2018-09-11,-0.3246479930,20.1103976186,SPY:1.000:x-1.0
2018-09-10,-0.1706334997,20.1758982674,SPY:1.000:x-1.0
2018-09-07,0.1914607762,20.2103839528,SPY:1.000:x-1.0
2018-09-06,0.2981446736,20.1717629389,SPY:1.000:x-1.0
2018-09-05,0.2683876858,20.1118006765,SPY:1.000:x-1.0
2018-09-04,0.1722262175,20.0579675615,SPY:1.000:x-1.0
2018-08-31,-0.0035378749,20.0234818761,SPY:1.000:x-1.0
2018-08-30,0.4350778560,20.0241903069,SPY:1.000:x-1.0
2018-08-29,-0.5719444935,19.9374468904,SPY:1.000:x-1.0
2018-08-28,-0.0513975423,20.0521339664,SPY:1.000:x-1.0
2018-08-27,-0.8249155629,20.0624455704,SPY:1.000:x-1.0
2018-08-24,-0.6214158382,20.2293203825,SPY:1.000:x-1.0
2018-08-23,0.1374647626,20.3558146386,SPY:1.000:x-1.0
2018-08-22,0.0616066551,20.3278709791,SPY:1.000:x-1.0
2018-08-21,-0.2419650967,20.3153553682,SPY:1.000:x-1.0
2018-08-20,-0.2198353164,20.3646306665,SPY:1.000:x-1.0
2018-08-17,-0.3589284410,20.4094979508,SPY:1.000:x-1.0
2018-08-16,-0.8115175263,20.4830173256,SPY:1.000:x-1.0
2018-08-15,0.7604621152,20.6506005685,SPY:1.000:x-1.0
2018-08-14,-0.6414830814,20.4947457912,SPY:1.000:x-1.0
2018-08-13,0.3792246197,20.6270649228,SPY:1.000:x-1.0
2018-08-10,0.6880725099,20.5491375342,SPY:1.000:x-1.0
2018-08-09,0.1405888510,20.4087108055,SPY:1.000:x-1.0
2018-08-08,0.0432768287,20.3800587151,SPY:1.000:x-1.0
2018-08-07,-0.3381123473,20.3712426873,SPY:1.000:x-1.0
2018-08-06,-0.3725330714,20.4403540482,SPY:1.000:x-1.0
2018-08-03,-0.4316634706,20.5167858607,SPY:1.000:x-1.0
2018-08-02,-0.5429186914,20.6057332841,SPY:1.000:x-1.0
2018-08-01,0.1670675272,20.7182163532,SPY:1.000:x-1.0
2018-07-31,-0.5255154250,20.6836606728,SPY:1.000:x-1.0
2018-07-30,0.5629125497,20.7929307311,SPY:1.000:x-1.0
2018-07-27,0.7405510559,20.6765398932,SPY:1.000:x-1.0
2018-07-26,0.2592229110,20.5245451573,SPY:1.000:x-1.0
2018-07-25,-0.9198590261,20.4714783951,SPY:1.000:x-1.0
2018-07-24,-0.5374413385,20.6615353933,SPY:1.000:x-1.0
2018-07-23,-0.1979343151,20.7731790449,SPY:1.000:x-1.0
2018-07-20,0.1219228746,20.8143778411,SPY:1.000:x-1.0
2018-07-19,0.4053273940,20.7890312566,SPY:1.000:x-1.0
2018-07-18,-0.2250835383,20.7051077828,SPY:1.000:x-1.0
2018-07-17,-0.4291182129,20.7518167061,SPY:1.000:x-1.0
2018-07-16,0.0948619819,20.8412503069,SPY:1.000:x-1.0
2018-07-13,-0.0833926574,20.8214986207,SPY:1.000:x-1.0
2018-07-12,-0.9449167909,20.8388767137,SPY:1.000:x-1.0
2018-07-11,0.7739661501,21.0376651441,SPY:1.000:x-1.0
2018-07-10,-0.3778347721,20.8760912642,SPY:1.000:x-1.0
2018-07-09,-0.9286014869,20.9552675516,SPY:1.000:x-1.0
2018-07-06,-0.8570679297,21.1516823888,SPY:1.000:x-1.0
2018-07-05,-0.8134438944,21.3345338363,SPY:1.000:x-1.0
2018-07-03,0.3543743079,21.5095015635,SPY:1.000:x-1.0
2018-07-02,-0.2135124575,21.4335465811,SPY:1.000:x-1.0
2018-06-29,-0.1455064421,21.4794077925,SPY:1.000:x-1.0
2018-06-28,-0.5699880295,21.5107072574,SPY:1.000:x-1.0
2018-06-27,0.8401816263,21.6340185735,SPY:1.000:x-1.0
2018-06-26,-0.2237332748,21.4537679570,SPY:1.000:x-1.0
2018-06-25,1.4127287140,21.5018748056,SPY:1.000:x-1.0
2018-06-22,-0.1885200570,21.2023432150,SPY:1.000:x-1.0
2018-06-21,0.6566356363,21.2423893796,SPY:1.000:x-1.0
2018-06-20,-0.1780629670,21.1038142148,SPY:1.000:x-1.0
2018-06-19,0.4031732586,21.1414593245,SPY:1.000:x-1.0
2018-06-18,0.2175341504,21.0565648857,SPY:1.000:x-1.0
2018-06-15,0.1352743085,21.0108590919,SPY:1.000:x-1.0
2018-06-14,-0.2653471319,20.9824751937,SPY:1.000:x-1.0
2018-06-13,0.3382247088,21.0382997186,SPY:1.000:x-1.0
2018-06-12,-0.1364122755,20.9673828490,SPY:1.000:x-1.0
2018-06-11,-0.1402993597,20.9960240031,SPY:1.000:x-1.0
2018-06-08,-0.3102218717,21.0255226768,SPY:1.000:x-1.0
2018-06-07,0.0113855850,21.0909514211,SPY:1.000:x-1.0
2018-06-06,-0.8622774768,21.0885503662,SPY:1.000:x-1.0
2018-06-05,-0.0749244713,21.2719738052,SPY:1.000:x-1.0
2018-06-04,-0.4842498537,21.2879236695,SPY:1.000:x-1.0
2018-06-01,-0.9820110188,21.3915120352,SPY:1.000:x-1.0
2018-05-31,0.6513687972,21.6036623802,SPY:1.000:x-1.0
2018-05-30,-1.3807138514,21.4638535356,SPY:1.000:x-1.0
2018-05-29,1.2183429698,21.7643570278,SPY:1.000:x-1.0
2018-05-25,0.2539413375,21.5023842410,SPY:1.000:x-1.0
2018-05-24,0.2187410611,21.4479191084,SPY:1.000:x-1.0
2018-05-23,-0.2923400204,21.4011061018,SPY:1.000:x-1.0
2018-05-22,0.2974162229,21.4638535356,SPY:1.000:x-1.0
2018-05-21,-0.7916998802,21.4002058517,SPY:1.000:x-1.0
2018-05-18,0.2644583834,21.5709833007,SPY:1.000:x-1.0
2018-05-17,0.0896278768,21.5140874927,SPY:1.000:x-1.0
2018-05-16,-0.4419889503,21.4948221400,SPY:1.000:x-1.0
2018-05-15,0.7342162410,21.5902486534,SPY:1.000:x-1.0
2018-05-14,-0.0507980756,21.4328849313,SPY:1.000:x-1.0
2018-05-11,-0.3230531029,21.4437779578,SPY:1.000:x-1.0
2018-05-10,-0.9709381592,21.5132772676,SPY:1.000:x-1.0
2018-05-09,-0.9843585872,21.7242058722,SPY:1.000:x-1.0
2018-05-08,0.0000000000,21.9401758774,SPY:1.000:x-1.0
2018-05-07,-0.3422626958,21.9401758774,SPY:1.000:x-1.0
2018-05-04,-1.2760889750,22.0155268130,SPY:1.000:x-1.0
2018-05-03,0.2180676536,22.3000958779,SPY:1.000:x-1.0
2018-05-02,0.6740904870,22.2515723961,SPY:1.000:x-1.0
2018-05-01,-0.1776762227,22.1025810002,SPY:1.000:x-1.0
2018-04-30,0.7891718664,22.1419219307,SPY:1.000:x-1.0
2018-04-27,-0.0959665110,21.9685522966,SPY:1.000:x-1.0
2018-04-26,-1.0202953616,21.9896550013,SPY:1.000:x-1.0
2018-04-25,-0.2466846643,22.2163271567,SPY:1.000:x-1.0
2018-04-24,1.3821431085,22.2712669569,SPY:1.000:x-1.0
2018-04-23,0.0153226875,21.9676426972,SPY:1.000:x-1.0
2018-04-20,0.8857247903,21.9642771797,SPY:1.000:x-1.0
2018-04-19,0.5862403712,21.7714421196,SPY:1.000:x-1.0
2018-04-18,-0.0781043323,21.6445530117,SPY:1.000:x-1.0
2018-04-17,-1.1046374007,21.6614715594,SPY:1.000:x-1.0
2018-04-16,-0.8347403533,21.9034249838,SPY:1.000:x-1.0
2018-04-13,0.2998711298,22.0878007700,SPY:1.000:x-1.0
2018-04-12,-0.8266358624,22.0217638580,SPY:1.000:x-1.0
2018-04-11,0.5320594655,22.2053210047,SPY:1.000:x-1.0
2018-04-10,-1.5639187962,22.0878007700,SPY:1.000:x-1.0
2018-04-09,-0.4804763615,22.4387241953,SPY:1.000:x-1.0
2018-04-06,2.2712832234,22.5470574767,SPY:1.000:x-1.0
2018-04-05,-0.7916236881,22.0463230401,SPY:1.000:x-1.0
2018-04-04,-1.0506192740,22.2222395525,SPY:1.000:x-1.0
2018-04-03,-1.2277424181,22.4581896212,SPY:1.000:x-1.0
2018-04-02,2.1586585421,22.7373456586,SPY:1.000:x-1.0
2018-03-29,-1.1801902373,22.2568952873,SPY:1.000:x-1.0
2018-03-28,0.2744851487,22.5227060655,SPY:1.000:x-1.0
2018-03-27,1.6336851620,22.4610538085,SPY:1.000:x-1.0
2018-03-26,-2.4940734887,22.1000092368,SPY:1.000:x-1.0
2018-03-23,2.0255970977,22.6652984363,SPY:1.000:x-1.0
2018-03-22,2.4972984999,22.2153058458,SPY:1.000:x-1.0
2018-03-21,0.1922548750,21.6740403610,SPY:1.000:x-1.0
2018-03-20,-0.1696760657,21.6324509195,SPY:1.000:x-1.0
2018-03-19,1.3895659671,21.6692183968,SPY:1.000:x-1.0
2018-03-16,-0.1106720004,21.3722370641,SPY:1.000:x-1.0
2018-03-15,0.1116012973,21.3959163528,SPY:1.000:x-1.0
2018-03-14,0.5326258658,21.3720648511,SPY:1.000:x-1.0
2018-03-13,0.6801999821,21.2588347982,SPY:1.000:x-1.0
2018-03-12,0.1322999780,21.1152091494,SPY:1.000:x-1.0
2018-03-09,-1.7720483242,21.0873106421,SPY:1.000:x-1.0
2018-03-08,-0.4881475539,21.4677291772,SPY:1.000:x-1.0
2018-03-07,0.0371337534,21.5730374317,SPY:1.000:x-1.0
2018-03-06,-0.2544954896,21.5650295268,SPY:1.000:x-1.0
2018-03-05,-1.1340145296,21.6200515830,SPY:1.000:x-1.0
2018-03-02,-0.5006993336,21.8680383148,SPY:1.000:x-1.0
2018-03-01,1.4539817557,21.9780824270,SPY:1.000:x-1.0
2018-02-28,0.9608352363,21.6631048350,SPY:1.000:x-1.0
2018-02-27,1.2134464826,21.4569390044,SPY:1.000:x-1.0
2018-02-26,-1.1033215432,21.1996920865,SPY:1.000:x-1.0
2018-02-23,-1.4691107684,21.4362023248,SPY:1.000:x-1.0
2018-02-22,-0.1190944412,21.7558194105,SPY:1.000:x-1.0
2018-02-21,0.4615901596,21.7817602761,SPY:1.000:x-1.0
2018-02-20,0.5883685773,21.6816797759,SPY:1.000:x-1.0
2018-02-16,-0.0274793626,21.5548577659,SPY:1.000:x-1.0
2018-02-15,-1.1692644204,21.5607825315,SPY:1.000:x-1.0
2018-02-14,-1.2055662717,21.8158677106,SPY:1.000:x-1.0
2018-02-13,-0.2210444440,22.0820818414,SPY:1.000:x-1.0
2018-02-12,-1.2701315493,22.1310011900,SPY:1.000:x-1.0
2018-02-09,-1.2639523197,22.4157101972,SPY:1.000:x-1.0
2018-02-08,3.3902507502,22.7026610076,SPY:1.000:x-1.0
2018-02-07,0.4954104908,21.9582222143,SPY:1.000:x-1.0
2018-02-06,-1.7341144530,21.8499751451,SPY:1.000:x-1.0
2018-02-05,3.9951020775,22.2355652967,SPY:1.000:x-1.0
2018-02-02,2.1719751315,21.3813582106,SPY:1.000:x-1.0
2018-02-01,0.1137591065,20.9268326105,SPY:1.000:x-1.0
2018-01-31,-0.0557103064,20.9030534836,SPY:1.000:x-1.0
2018-01-30,1.1727980229,20.9147051299,SPY:1.000:x-1.0
2018-01-29,0.7685048452,20.6722612586,SPY:1.000:x-1.0
2018-01-26,-1.3099118677,20.5146055212,SPY:1.000:x-1.0
2018-01-25,-0.0478376107,20.7868955327,SPY:1.000:x-1.0
2018-01-24,0.0439782178,20.7968442461,SPY:1.000:x-1.0
2018-01-23,-0.2391510996,20.7877021851,SPY:1.000:x-1.0
2018-01-22,-0.8998294970,20.8375353801,SPY:1.000:x-1.0
2018-01-19,-0.4987785016,21.0267401906,SPY:1.000:x-1.0
2018-01-18,0.1848381710,21.1321427757,SPY:1.000:x-1.0
2018-01-17,-1.0282354722,21.0931545746,SPY:1.000:x-1.0
2018-01-16,0.3714553452,21.3122951533,SPY:1.000:x-1.0
2018-01-12,-0.6987379125,21.2334224706,SPY:1.000:x-1.0
2018-01-11,-0.7703025892,21.3828324275,SPY:1.000:x-1.0
2018-01-10,0.1616417469,21.5488235734,SPY:1.000:x-1.0
2018-01-09,-0.2385593344,21.5140478906,SPY:1.000:x-1.0
2018-01-08,-0.1920572106,21.5654943905,SPY:1.000:x-1.0
2018-01-05,-0.6904222451,21.6069921769,SPY:1.000:x-1.0
2018-01-04,-0.4331312601,21.7572087863,SPY:1.000:x-1.0
2018-01-03,-0.6414540712,21.8518560056,SPY:1.000:x-1.0
2018-01-02,-0.7157625562,21.9929305540,SPY:1.000:x-1.0
2017-12-29,0.3891131549,22.1514825719,SPY:1.000:x-1.0
2017-12-28,-0.2113796154,22.0656223327,SPY:1.000:x-1.0
2017-12-27,-0.0502241408,22.1123633613,SPY:1.000:x-1.0
2017-12-26,0.1234295973,22.1234746864,SPY:1.000:x-1.0
2017-12-22,0.0270205106,22.0962014339,SPY:1.000:x-1.0
2017-12-21,-0.2115585644,22.0902325403,SPY:1.000:x-1.0
2017-12-20,0.0539557895,22.1370653981,SPY:1.000:x-1.0
2017-12-19,0.3975265018,22.1251276108,SPY:1.000:x-1.0
2017-12-18,-0.6479016680,22.0375226180,SPY:1.000:x-1.0
2017-12-15,-0.8370691495,22.1812352110,SPY:1.000:x-1.0
2017-12-14,0.4138772549,22.3684748128,SPY:1.000:x-1.0
2017-12-13,0.0115437260,22.2762783635,SPY:1.000:x-1.0
2017-12-12,-0.1781973670,22.2737071477,SPY:1.000:x-1.0
2017-12-11,-0.3023887480,22.3134691623,SPY:1.000:x-1.0
2017-12-08,-0.5415155089,22.3811472332,SPY:1.000:x-1.0
2017-12-07,-0.3112058515,22.5030044925,SPY:1.000:x-1.0
2017-12-06,-0.0187095305,22.5732537791,SPY:1.000:x-1.0
2017-12-05,0.3571588928,22.5774779192,SPY:1.000:x-1.0
2017-12-04,0.1205587387,22.4971274280,SPY:1.000:x-1.0
2017-12-01,0.2076277607,22.4700378338,SPY:1.000:x-1.0
2017-11-30,-0.9140633762,22.4234804634,SPY:1.000:x-1.0
2017-11-29,0.0634509550,22.6303360774,SPY:1.000:x-1.0
2017-11-28,-1.0388412136,22.6159860183,SPY:1.000:x-1.0
2017-11-27,0.0508573089,22.8533965201,SPY:1.000:x-1.0
2017-11-24,-0.2357796718,22.8417798055,SPY:1.000:x-1.0
2017-11-22,0.0904710898,22.8957633613,SPY:1.000:x-1.0
2017-11-21,-0.6600646075,22.8750680379,SPY:1.000:x-1.0
2017-11-20,-0.1713988260,23.0270615211,SPY:1.000:x-1.0
2017-11-17,0.2971251024,23.0665973983,SPY:1.000:x-1.0
2017-11-16,-0.8455387205,22.9982637835,SPY:1.000:x-1.0
2017-11-15,0.5029376806,23.1943812580,SPY:1.000:x-1.0
2017-11-14,0.2344631092,23.0783117323,SPY:1.000:x-1.0
2017-11-13,-0.0936127313,23.0243281766,SPY:1.000:x-1.0
2017-11-10,0.0309314170,23.0459020749,SPY:1.000:x-1.0
2017-11-09,0.3687180774,23.0387758551,SPY:1.000:x-1.0
2017-11-08,-0.1723662145,22.9541397922,SPY:1.000:x-1.0
2017-11-07,0.0705245583,22.9937732888,SPY:1.000:x-1.0
2017-11-06,-0.1565230670,22.9775684601,SPY:1.000:x-1.0
2017-11-03,-0.3348270906,23.0135900371,SPY:1.000:x-1.0
2017-11-02,-0.0388789344,23.0909046413,SPY:1.000:x-1.0
2017-11-01,-0.1320981662,23.0998856307,SPY:1.000:x-1.0
2017-10-31,-0.1629829862,23.1304405184,SPY:1.000:x-1.0
2017-10-30,0.3924281324,23.1682007438,SPY:1.000:x-1.0
2017-10-27,-0.8467981270,23.0776376016,SPY:1.000:x-1.0
2017-10-26,-0.1334802787,23.2747275586,SPY:1.000:x-1.0
2017-10-25,0.5163761867,23.3058362538,SPY:1.000:x-1.0
2017-10-24,-0.1828242156,23.1861087098,SPY:1.000:x-1.0
2017-10-23,0.4078346721,23.2285761720,SPY:1.000:x-1.0
2017-10-20,-0.5354416624,23.1342267741,SPY:1.000:x-1.0
2017-10-19,-0.0281500574,23.2587638861,SPY:1.000:x-1.0
2017-10-18,-0.1010620301,23.2653130851,SPY:1.000:x-1.0
2017-10-17,-0.0728872575,23.2888492689,SPY:1.000:x-1.0
2017-10-16,-0.1376812547,23.3058362538,SPY:1.000:x-1.0
2017-10-13,-0.1248095013,23.3379682613,SPY:1.000:x-1.0
2017-10-12,0.1535101185,23.3671326631,SPY:1.000:x-1.0
2017-10-11,-0.1615820149,23.3313167311,SPY:1.000:x-1.0
2017-10-10,-0.2694511407,23.3690769565,SPY:1.000:x-1.0
2017-10-09,0.1692935603,23.4322153280,SPY:1.000:x-1.0
2017-10-06,0.1169360137,23.3926131404,SPY:1.000:x-1.0
2017-10-05,-0.6016229017,23.3652907009,SPY:1.000:x-1.0
2017-10-04,-0.1200062612,23.5067124665,SPY:1.000:x-1.0
2017-10-03,-0.2160651840,23.5349558871,SPY:1.000:x-1.0
2017-10-02,-0.4337120394,23.5859168418,SPY:1.000:x-1.0
2017-09-29,-0.3634212684,23.6886574009,SPY:1.000:x-1.0
2017-09-28,-0.1239739699,23.7750610293,SPY:1.000:x-1.0
2017-09-27,-0.3980795892,23.8045725028,SPY:1.000:x-1.0
2017-09-26,-0.0619247458,23.8997123797,SPY:1.000:x-1.0
2017-09-25,0.2098251754,23.9145213863,SPY:1.000:x-1.0
2017-09-22,-0.0205318646,23.8644477669,SPY:1.000:x-1.0
2017-09-21,0.2766041249,23.8693485892,SPY:1.000:x-1.0
2017-09-20,-0.0371353023,23.8035071067,SPY:1.000:x-1.0
2017-09-19,-0.1032457607,23.8123498948,SPY:1.000:x-1.0
2017-09-18,-0.2176375621,23.8369605460,SPY:1.000:x-1.0
2017-09-15,-0.1371729894,23.8889518785,SPY:1.000:x-1.0
2017-09-14,0.0325223535,23.9217660801,SPY:1.000:x-1.0
2017-09-13,-0.0489822818,23.9139886882,SPY:1.000:x-1.0
2017-09-12,-0.3417043503,23.9257080459,SPY:1.000:x-1.0
2017-09-11,-1.0590420324,24.0077435500,SPY:1.000:x-1.0
2017-09-08,0.1169297586,24.2647171032,SPY:1.000:x-1.0
2017-09-07,0.0123099108,24.2363775654,SPY:1.000:x-1.0
2017-09-06,-0.3373804381,24.2333944562,SPY:1.000:x-1.0
2017-09-05,0.7202213622,24.3154299603,SPY:1.000:x-1.0
2017-09-01,-0.1414607920,24.1415573074,SPY:1.000:x-1.0
2017-08-31,-0.5979158864,24.1757565240,SPY:1.000:x-1.0
2017-08-30,-0.4666277810,24.3211767033,SPY:1.000:x-1.0
2017-08-29,-0.1121454386,24.4351981261,SPY:1.000:x-1.0
2017-08-28,-0.0043804893,24.4626318519,SPY:1.000:x-1.0
2017-08-25,-0.2281398733,24.4637034818,SPY:1.000:x-1.0
2017-08-24,0.2286615415,24.5196425633,SPY:1.000:x-1.0
2017-08-23,0.3547595811,24.4637034818,SPY:1.000:x-1.0
2017-08-22,-1.0134591200,24.3772229478,SPY:1.000:x-1.0
2017-08-21,-0.0756584240,24.6268055547,SPY:1.000:x-1.0
2017-08-18,0.1519823021,24.6454519152,SPY:1.000:x-1.0
2017-08-17,1.5612422712,24.6080520312,SPY:1.000:x-1.0
2017-08-16,-0.1743952459,24.2297666717,SPY:1.000:x-1.0
2017-08-15,0.0123637231,24.2720960533,SPY:1.000:x-1.0
2017-08-14,-0.9703176380,24.2690954895,SPY:1.000:x-1.0
2017-08-11,-0.1440934774,24.5068901673,SPY:1.000:x-1.0
2017-08-10,1.4170703841,24.5422539545,SPY:1.000:x-1.0
2017-08-09,0.0039856693,24.1993323821,SPY:1.000:x-1.0
2017-08-08,0.2481687014,24.1983679152,SPY:1.000:x-1.0
2017-08-07,-0.1869970577,24.1384638031,SPY:1.000:x-1.0
2017-08-04,-0.1822331523,24.1836865854,SPY:1.000:x-1.0
2017-08-03,0.1949974296,24.2278377378,SPY:1.000:x-1.0
2017-08-02,-0.0487256040,24.1806860216,SPY:1.000:x-1.0
2017-08-01,-0.2227545545,24.1924739507,SPY:1.000:x-1.0
2017-07-31,0.0589818262,24.2464840983,SPY:1.000:x-1.0
2017-07-28,0.1227220300,24.2321915093,SPY:1.000:x-1.0
2017-07-27,0.0974420312,24.2024897226,SPY:1.000:x-1.0
2017-07-26,-0.0041561224,24.1789292827,SPY:1.000:x-1.0
2017-07-25,-0.2533418088,24.1799342304,SPY:1.000:x-1.0
2017-07-24,0.0253406007,24.2413476991,SPY:1.000:x-1.0
2017-07-21,0.0926942198,24.2352063523,SPY:1.000:x-1.0
2017-07-20,-0.0465560078,24.2127625210,SPY:1.000:x-1.0
2017-07-19,-0.5587590873,24.2240402670,SPY:1.000:x-1.0
2017-07-18,-0.0545168842,24.3601548459,SPY:1.000:x-1.0
2017-07-17,0.0123709073,24.3734424873,SPY:1.000:x-1.0
2017-07-14,-0.4765183608,24.3704276443,SPY:1.000:x-1.0
2017-07-13,-0.1711619438,24.4871132349,SPY:1.000:x-1.0
2017-07-12,-0.7540299263,24.5290977154,SPY:1.000:x-1.0
2017-07-11,0.0746002107,24.7154596777,SPY:1.000:x-1.0
2017-07-10,-0.1074894882,24.6970356371,SPY:1.000:x-1.0
2017-07-07,-0.6416958721,24.7236109199,SPY:1.000:x-1.0
2017-07-06,0.9215984639,24.8832859387,SPY:1.000:x-1.0
2017-07-05,-0.2317858353,24.6560561043,SPY:1.000:x-1.0
2017-07-03,-0.1695977916,24.7133381215,SPY:1.000:x-1.0
2017-06-30,-0.1883230584,24.7553226020,SPY:1.000:x-1.0
2017-06-29,0.9027247380,24.8020305445,SPY:1.000:x-1.0
2017-06-28,-0.9027822106,24.5801395442,SPY:1.000:x-1.0
2017-06-27,0.8261119412,24.8040662417,SPY:1.000:x-1.0
2017-06-26,-0.0675328016,24.6008357995,SPY:1.000:x-1.0
2017-06-23,-0.1220530610,24.6174606604,SPY:1.000:x-1.0
2017-06-22,0.0463649426,24.6475437420,SPY:1.000:x-1.0
2017-06-21,0.0252546124,24.6361212185,SPY:1.000:x-1.0
2017-06-20,0.6995917122,24.6299010325,SPY:1.000:x-1.0
2017-06-19,-0.8490700116,24.4587893692,SPY:1.000:x-1.0
2017-06-16,-0.0224595499,24.6682399974,SPY:1.000:x-1.0
2017-06-15,0.1970230687,24.6737816177,SPY:1.000:x-1.0
2017-06-14,0.1301400730,24.6252641665,SPY:1.000:x-1.0
2017-06-13,-0.4969251043,24.5932584820,SPY:1.000:x-1.0
2017-06-12,0.0210528243,24.7160788828,SPY:1.000:x-1.0
2017-06-09,0.1544730726,24.7108765454,SPY:1.000:x-1.0
2017-06-08,-0.0499381500,24.6727637691,SPY:1.000:x-1.0
2017-06-07,-0.1879449975,24.6850910468,SPY:1.000:x-1.0
2017-06-06,0.3266519551,24.7315728007,SPY:1.000:x-1.0
2017-06-05,0.0752967104,24.6510496650,SPY:1.000:x-1.0
2017-06-02,-0.3381470093,24.6325022012,SPY:1.000:x-1.0
2017-06-01,-0.7952936050,24.7160788828,SPY:1.000:x-1.0
2017-05-31,0.0256876106,24.9142200818,SPY:1.000:x-1.0
2017-05-30,0.0897535983,24.9078218575,SPY:1.000:x-1.0
2017-05-26,0.0210404257,24.8854862382,SPY:1.000:x-1.0
2017-05-25,-0.4880817781,24.8802513274,SPY:1.000:x-1.0
2017-05-24,-0.2371956144,25.0022829144,SPY:1.000:x-1.0
2017-05-23,-0.2241591715,25.0617282347,SPY:1.000:x-1.0
2017-05-22,-0.5087041867,25.1180326085,SPY:1.000:x-1.0
2017-05-19,-0.6432354974,25.2464624198,SPY:1.000:x-1.0
2017-05-18,-0.3949054461,25.4099079677,SPY:1.000:x-1.0
2017-05-17,1.8040267958,25.5106509175,SPY:1.000:x-1.0
2017-05-16,0.0933988829,25.0585872882,SPY:1.000:x-1.0
2017-05-15,-0.5563513701,25.0352046867,SPY:1.000:x-1.0
2017-05-12,0.1689462843,25.1752676331,SPY:1.000:x-1.0
2017-05-11,0.2073303092,25.1328066900,SPY:1.000:x-1.0
2017-05-10,-0.1819520258,25.0808065762,SPY:1.000:x-1.0
2017-05-09,0.0931461143,25.1265247971,SPY:1.000:x-1.0
2017-05-08,0.0171492401,25.1031421956,SPY:1.000:x-1.0
2017-05-05,-0.3961017677,25.0988379356,SPY:1.000:x-1.0
2017-05-04,-0.1175841303,25.1986502346,SPY:1.000:x-1.0
2017-05-03,0.1218825311,25.2283147290,SPY:1.000:x-1.0
2017-05-02,-0.0378431264,25.1976032524,SPY:1.000:x-1.0
2017-05-01,-0.2518056815,25.2071424232,SPY:1.000:x-1.0
2017-04-28,0.2230724703,25.2707756721,SPY:1.000:x-1.0
2017-04-27,-0.0855789983,25.2145289994,SPY:1.000:x-1.0
2017-04-26,0.0639900627,25.2361258231,SPY:1.000:x-1.0
2017-04-25,-0.5888901362,25.2199875372,SPY:1.000:x-1.0
2017-04-24,-1.0890786783,25.3693853452,SPY:1.000:x-1.0
2017-04-21,0.3179229652,25.6487200869,SPY:1.000:x-1.0
2017-04-20,-0.7983609199,25.5674353383,SPY:1.000:x-1.0
2017-04-19,0.1808093061,25.7731984828,SPY:1.000:x-1.0
2017-04-18,0.2956088895,25.7266822472,SPY:1.000:x-1.0
2017-04-17,-0.8622112968,25.6508560365,SPY:1.000:x-1.0
2017-04-13,0.6401824081,25.8739441055,SPY:1.000:x-1.0
2017-04-12,0.4357561064,25.7093573227,SPY:1.000:x-1.0
2017-04-11,0.1188150060,25.5978132882,SPY:1.000:x-1.0
2017-04-10,-0.0593722314,25.5674353383,SPY:1.000:x-1.0
2017-04-07,0.1016854715,25.5826243132,SPY:1.000:x-1.0
2017-04-06,-0.2787398366,25.5566369265,SPY:1.000:x-1.0
2017-04-05,0.2962839124,25.6280725741,SPY:1.000:x-1.0
2017-04-04,-0.0635816421,25.5523650273,SPY:1.000:x-1.0
2017-04-03,0.1743407595,25.5686219770,SPY:1.000:x-1.0
2017-03-31,0.2340498092,25.5241230271,SPY:1.000:x-1.0
2017-03-30,-0.3185232443,25.4645233587,SPY:1.000:x-1.0
2017-03-29,-0.0935135990,25.5458929658,SPY:1.000:x-1.0
2017-03-28,-0.7164203923,25.5698042100,SPY:1.000:x-1.0
2017-03-27,0.1012604381,25.7543133628,SPY:1.000:x-1.0
2017-03-24,0.0717197470,25.7282608132,SPY:1.000:x-1.0
2017-03-23,0.1056088489,25.7098217940,SPY:1.000:x-1.0
2017-03-22,-0.2315242708,25.6826985917,SPY:1.000:x-1.0
2017-03-21,1.2981055056,25.7422982600,SPY:1.000:x-1.0
2017-03-20,0.1115375783,25.4124182595,SPY:1.000:x-1.0
2017-03-17,0.1784029183,25.3841054430,SPY:1.000:x-1.0
2017-03-16,0.2008712260,25.3389001057,SPY:1.000:x-1.0
2017-03-15,-0.8683243485,25.2881035820,SPY:1.000:x-1.0
2017-03-14,0.3866860166,25.5096097346,SPY:1.000:x-1.0
2017-03-13,-0.0510015488,25.4113476068,SPY:1.000:x-1.0
2017-03-10,-0.3515594037,25.4243144009,SPY:1.000:x-1.0
2017-03-09,-0.1266618548,25.5140113069,SPY:1.000:x-1.0
2017-03-08,0.1861476305,25.5463688114,SPY:1.000:x-1.0
2017-03-07,0.3018235759,25.4989032073,SPY:1.000:x-1.0
2017-03-06,0.3027373085,25.4221730954,SPY:1.000:x-1.0
2017-03-03,-0.0637922624,25.3454429835,SPY:1.000:x-1.0
2017-03-02,0.6477197621,25.3616217358,SPY:1.000:x-1.0
2017-03-01,-1.3997309463,25.1984066760,SPY:1.000:x-1.0
2017-02-28,0.2934313795,25.5561236474,SPY:1.000:x-1.0
2017-02-27,-0.1694077786,25.4813533607,SPY:1.000:x-1.0
2017-02-24,-0.1369518151,25.5245940084,SPY:1.000:x-1.0
2017-02-23,-0.0734569019,25.5595983423,SPY:1.000:x-1.0
2017-02-22,0.0961901644,25.5783874333,SPY:1.000:x-1.0
2017-02-21,-0.6365187628,25.5538071841,SPY:1.000:x-1.0
2017-02-17,-0.1678548056,25.7175039219,SPY:1.000:x-1.0
2017-02-16,0.0910040952,25.7607445696,SPY:1.000:x-1.0
2017-02-15,-0.5514669319,25.7373225521,SPY:1.000:x-1.0
2017-02-14,-0.4179376461,25.8800424280,SPY:1.000:x-1.0
2017-02-13,-0.5637922290,25.9886588170,SPY:1.000:x-1.0
2017-02-10,-0.4055591518,26.1360116194,SPY:1.000:x-1.0
2017-02-09,-0.6019956032,26.2424402375,SPY:1.000:x-1.0
2017-02-08,-0.1328958642,26.4013753563,SPY:1.000:x-1.0
2017-02-07,-0.0043809904,26.4365083826,SPY:1.000:x-1.0
2017-02-06,0.1814094343,26.4376666142,SPY:1.000:x-1.0
2017-02-03,-0.6906003768,26.3897930400,SPY:1.000:x-1.0
2017-02-02,-0.0658203588,26.5733084080,SPY:1.000:x-1.0
2017-02-01,-0.0396700612,26.5908105749,SPY:1.000:x-1.0
2017-01-31,0.0090262212,26.6013633520,SPY:1.000:x-1.0
2017-01-30,0.6510909559,26.5989624708,SPY:1.000:x-1.0
2017-01-27,0.1653168320,26.4268993194,SPY:1.000:x-1.0
2017-01-26,0.1103328205,26.3832833113,SPY:1.000:x-1.0
2017-01-25,-0.8973130765,26.3542059725,SPY:1.000:x-1.0
2017-01-24,-0.6567309944,26.5928268856,SPY:1.000:x-1.0
2017-01-23,0.2677924608,26.7686247410,SPY:1.000:x-1.0
2017-01-20,-0.3752942875,26.6971318347,SPY:1.000:x-1.0
2017-01-19,0.3817232506,26.7977020798,SPY:1.000:x-1.0
2017-01-18,-0.2268195414,26.6957980118,SPY:1.000:x-1.0
2017-01-17,0.3637309692,26.7564869528,SPY:1.000:x-1.0
2017-01-13,-0.2355936010,26.6595180295,SPY:1.000:x-1.0
2017-01-12,0.2587225014,26.7224744694,SPY:1.000:x-1.0
2017-01-11,-0.2899071399,26.6535158266,SPY:1.000:x-1.0
2017-01-10,0.0000000000,26.7310109358,SPY:1.000:x-1.0
2017-01-09,0.3409637106,26.7310109358,SPY:1.000:x-1.0
2017-01-06,-0.3666512025,26.6401775978,SPY:1.000:x-1.0
2017-01-05,0.0813779331,26.7382135794,SPY:1.000:x-1.0
2017-01-04,-0.6039192723,26.7164722665,SPY:1.000:x-1.0
2017-01-03,-0.7652495925,26.8787985108,SPY:1.000:x-1.0
2016-12-30,0.3835145375,27.0860745862,SPY:1.000:x-1.0
2016-12-29,0.0236857010,26.9825924217,SPY:1.000:x-1.0
2016-12-28,0.8820229388,26.9762029189,SPY:1.000:x-1.0
2016-12-27,-0.2631851622,26.7403469251,SPY:1.000:x-1.0
2016-12-23,-0.1551831161,26.8109092601,SPY:1.000:x-1.0
2016-12-22,0.1834520071,26.8525799304,SPY:1.000:x-1.0
2016-12-21,0.2978278836,26.8034085395,SPY:1.000:x-1.0
2016-12-20,-0.4094541991,26.7238175592,SPY:1.000:x-1.0
2016-12-19,-0.2298209462,26.8336892266,SPY:1.000:x-1.0
2016-12-16,0.2075268595,26.8955007208,SPY:1.000:x-1.0
2016-12-15,-0.4328379743,26.8398009249,SPY:1.000:x-1.0
2016-12-14,0.8826740136,26.9564788017,SPY:1.000:x-1.0
2016-12-13,-0.7040581416,26.7206228079,SPY:1.000:x-1.0
2016-12-12,0.1214476561,26.9100854554,SPY:1.000:x-1.0
2016-12-09,-0.6311367651,26.8774434304,SPY:1.000:x-1.0
2016-12-08,-0.2540671229,27.0481542763,SPY:1.000:x-1.0
2016-12-07,-1.3237769342,27.1170497845,SPY:1.000:x-1.0
2016-12-06,-0.3189302485,27.4808347361,SPY:1.000:x-1.0
2016-12-05,-0.5969910051,27.5687598504,SPY:1.000:x-1.0
2016-12-02,-0.0495577348,27.7343313136,SPY:1.000:x-1.0
2016-12-01,0.3672702426,27.7480826348,SPY:1.000:x-1.0
2016-11-30,0.2597402597,27.6465451015,SPY:1.000:x-1.0
2016-11-29,-0.2099533016,27.5749219277,SPY:1.000:x-1.0
2016-11-28,0.5107035635,27.6329381938,SPY:1.000:x-1.0
2016-11-25,-0.4013975786,27.4925328488,SPY:1.000:x-1.0
2016-11-23,-0.0584690845,27.6033319549,SPY:1.000:x-1.0
2016-11-22,-0.2096152911,27.6194808125,SPY:1.000:x-1.0
2016-11-21,-0.7985379788,27.6774970785,SPY:1.000:x-1.0
2016-11-18,0.2374441979,27.9002915024,SPY:1.000:x-1.0
2016-11-17,-0.5401795255,27.8342008075,SPY:1.000:x-1.0
2016-11-16,0.1980834092,27.9853720575,SPY:1.000:x-1.0
2016-11-15,-0.8103400667,27.9300472677,SPY:1.000:x-1.0
2016-11-14,-0.0817106171,28.1582246441,SPY:1.000:x-1.0
2016-11-11,0.2404025147,28.1812517188,SPY:1.000:x-1.0
2016-11-10,-0.2594068125,28.1136657593,SPY:1.000:x-1.0
2016-11-09,-1.0752744600,28.1867841977,SPY:1.000:x-1.0
2016-11-08,-0.4529236299,28.4931639121,SPY:1.000:x-1.0
2016-11-07,-2.1244720776,28.6228033520,SPY:1.000:x-1.0
2016-11-04,0.1064646568,29.2440857890,SPY:1.000:x-1.0
2016-11-03,0.4457514794,29.2129842855,SPY:1.000:x-1.0
2016-11-02,0.5932063137,29.0833448456,SPY:1.000:x-1.0
2016-11-01,0.7246112573,28.9118379972,SPY:1.000:x-1.0
2016-10-31,-0.0045283475,28.7038466928,SPY:1.000:x-1.0
2016-10-28,0.2871141746,28.7051465616,SPY:1.000:x-1.0
2016-10-27,0.2605431439,28.6229659691,SPY:1.000:x-1.0
2016-10-26,0.1966787648,28.5485845893,SPY:1.000:x-1.0
2016-10-25,0.3305768311,28.4925458021,SPY:1.000:x-1.0
2016-10-24,-0.4163121429,28.3986663907,SPY:1.000:x-1.0
2016-10-21,-0.0455608541,28.5173877387,SPY:1.000:x-1.0
2016-10-20,0.1830842340,28.5303864264,SPY:1.000:x-1.0
2016-10-19,-0.2605062420,28.4782472456,SPY:1.000:x-1.0
2016-10-18,-0.6038422669,28.5526286254,SPY:1.000:x-1.0
2016-10-17,0.3374969731,28.7260888918,SPY:1.000:x-1.0
2016-10-14,-0.0504225409,28.6294653130,SPY:1.000:x-1.0
2016-10-13,0.3196892135,28.6439082993,SPY:1.000:x-1.0
2016-10-12,-0.1273087338,28.5526286254,SPY:1.000:x-1.0
2016-10-11,1.2610050184,28.5890249511,SPY:1.000:x-1.0
2016-10-10,-0.5145300015,28.2330053370,SPY:1.000:x-1.0
2016-10-07,0.3411261247,28.3790239292,SPY:1.000:x-1.0
2016-10-06,-0.0688926652,28.2825447802,SPY:1.000:x-1.0
2016-10-05,-0.4359423824,28.3020428118,SPY:1.000:x-1.0
2016-10-04,0.5070931765,28.4259636349,SPY:1.000:x-1.0
2016-10-03,0.2405913428,28.2825447802,SPY:1.000:x-1.0
2016-09-30,-0.7434283072,28.2146627443,SPY:1.000:x-1.0
2016-09-29,0.9075945667,28.4259895975,SPY:1.000:x-1.0
2016-09-28,-0.4933975550,28.1703173280,SPY:1.000:x-1.0
2016-09-27,-0.6090603431,28.3099981668,SPY:1.000:x-1.0
2016-09-26,0.8082491514,28.4834797463,SPY:1.000:x-1.0
2016-09-23,0.5520885809,28.2551080750,SPY:1.000:x-1.0
2016-09-22,-0.6272923244,28.0999713420,SPY:1.000:x-1.0
2016-09-21,-1.0948370375,28.2773530070,SPY:1.000:x-1.0
2016-09-20,-0.0045468783,28.5903709776,SPY:1.000:x-1.0
2016-09-19,-0.0186892284,28.5916710061,SPY:1.000:x-1.0
2016-09-16,0.3792584180,28.5970155676,SPY:1.000:x-1.0
2016-09-15,-0.9611280450,28.4889687554,SPY:1.000:x-1.0
2016-09-14,0.0361683637,28.7654414808,SPY:1.000:x-1.0
2016-09-13,1.4240296728,28.7550412529,SPY:1.000:x-1.0
2016-09-12,-1.3817429054,28.3513101832,SPY:1.000:x-1.0
2016-09-09,2.4186410325,28.7485411104,SPY:1.000:x-1.0
2016-09-08,0.2315925210,28.0696373439,SPY:1.000:x-1.0
2016-09-07,0.0098010895,28.0047803671,SPY:1.000:x-1.0
2016-09-06,-0.3054769864,28.0020358625,SPY:1.000:x-1.0
2016-09-02,-0.4510292785,28.0878377428,SPY:1.000:x-1.0
2016-09-01,-0.0046073513,28.2150960871,SPY:1.000:x-1.0
2016-08-31,0.2866450182,28.2163961156,SPY:1.000:x-1.0
2016-08-30,0.1675326818,28.1357464002,SPY:1.000:x-1.0
2016-08-29,-0.4939601446,28.0886886668,SPY:1.000:x-1.0
2016-08-26,0.1896333755,28.2281243507,SPY:1.000:x-1.0
2016-08-25,0.0694262308,28.1746957241,SPY:1.000:x-1.0
2016-08-24,0.5200444571,28.1551486657,SPY:1.000:x-1.0
2016-08-23,-0.2037763104,28.0094868817,SPY:1.000:x-1.0
2016-08-22,0.0046432201,28.0666801269,SPY:1.000:x-1.0
2016-08-19,0.1482866945,28.0653769896,SPY:1.000:x-1.0
2016-08-18,-0.2268228307,28.0238213912,SPY:1.000:x-1.0
2016-08-17,-0.1898607174,28.0875303226,SPY:1.000:x-1.0
2016-08-16,0.5255072749,28.1409589491,SPY:1.000:x-1.0
2016-08-15,-0.2918985266,27.9938492349,SPY:1.000:x-1.0
2016-08-12,0.0877496348,28.0758020875,SPY:1.000:x-1.0
2016-08-11,-0.4659884916,28.0511872731,SPY:1.000:x-1.0
2016-08-10,0.2498004172,28.1825145475,SPY:1.000:x-1.0
2016-08-09,-0.0602248394,28.1122899300,SPY:1.000:x-1.0
2016-08-08,0.0602611316,28.1292307140,SPY:1.000:x-1.0
2016-08-05,-0.8127880008,28.1122899300,SPY:1.000:x-1.0
2016-08-04,-0.1051277864,28.3426556341,SPY:1.000:x-1.0
2016-08-03,-0.2885217205,28.3724829974,SPY:1.000:x-1.0
2016-08-02,0.6401425726,28.4545806431,SPY:1.000:x-1.0
2016-08-01,0.0830313623,28.2735893608,SPY:1.000:x-1.0
2016-07-29,-0.1733798615,28.2501328906,SPY:1.000:x-1.0
2016-07-28,-0.1236895776,28.2991980009,SPY:1.000:x-1.0
2016-07-27,0.1139240506,28.3342445083,SPY:1.000:x-1.0
2016-07-26,-0.0495076737,28.3020017215,SPY:1.000:x-1.0
2016-07-25,0.2923976608,28.3160203244,SPY:1.000:x-1.0
2016-07-22,-0.4809592832,28.2334663293,SPY:1.000:x-1.0
2016-07-21,0.4062866940,28.3699140646,SPY:1.000:x-1.0
2016-07-20,-0.4412660604,28.2551172828,SPY:1.000:x-1.0
2016-07-19,0.1082381899,28.3803501357,SPY:1.000:x-1.0
2016-07-18,-0.2854372230,28.3496649715,SPY:1.000:x-1.0
2016-07-15,0.1431973050,28.4308171063,SPY:1.000:x-1.0
2016-07-14,-0.5879657911,28.3901631578,SPY:1.000:x-1.0
2016-07-13,0.0147285849,28.5580748686,SPY:1.000:x-1.0
2016-07-12,-0.7541551621,28.5538692877,SPY:1.000:x-1.0
2016-07-11,-0.3635696716,28.7708461088,SPY:1.000:x-1.0
2016-07-08,-1.4915697350,28.8758298687,SPY:1.000:x-1.0
2016-07-07,0.0638056904,29.3130545183,SPY:1.000:x-1.0
2016-07-06,-0.5935706206,29.2943630477,SPY:1.000:x-1.0
2016-07-05,0.7224348770,29.4692840600,SPY:1.000:x-1.0
2016-07-01,-0.2124980742,29.2579146800,SPY:1.000:x-1.0
2016-06-30,-1.3352966945,29.3202195820,SPY:1.000:x-1.0
2016-06-29,-1.6143940181,29.7170301027,SPY:1.000:x-1.0
2016-06-28,-1.6520695554,30.2046522010,SPY:1.000:x-1.0
2016-06-27,1.6465690422,30.7120364043,SPY:1.000:x-1.0
2016-06-24,3.7153686296,30.2145332535,SPY:1.000:x-1.0
2016-06-23,-1.2939944839,29.1321659005,SPY:1.000:x-1.0
2016-06-22,0.1628777193,29.5140764213,SPY:1.000:x-1.0
2016-06-21,-0.2818441418,29.4660827378,SPY:1.000:x-1.0
2016-06-20,-0.6302842345,29.5493658945,SPY:1.000:x-1.0
2016-06-17,0.3673843189,29.7367922076,SPY:1.000:x-1.0
2016-06-16,-0.2929409157,29.6279437881,SPY:1.000:x-1.0
2016-06-15,0.1374221715,29.7149911553,SPY:1.000:x-1.0
2016-06-14,0.1932924860,29.6742122085,SPY:1.000:x-1.0
2016-06-13,0.7732784016,29.6169648409,SPY:1.000:x-1.0
2016-06-10,0.9682790282,29.3897006336,SPY:1.000:x-1.0
2016-06-09,0.1397522231,29.1078553745,SPY:1.000:x-1.0
2016-06-08,-0.3312825367,29.0672332698,SPY:1.000:x-1.0
2016-06-07,-0.1583986168,29.1638480053,SPY:1.000:x-1.0
2016-06-06,-0.5112288724,29.2101164257,SPY:1.000:x-1.0
2016-06-03,0.3016615497,29.3602143183,SPY:1.000:x-1.0
2016-06-02,-0.3055473946,29.2719122143,SPY:1.000:x-1.0
2016-06-01,-0.2047028344,29.3616258972,SPY:1.000:x-1.0
2016-05-31,0.1972833475,29.4218532648,SPY:1.000:x-1.0
2016-05-27,-0.4423366820,29.3639231342,SPY:1.000:x-1.0
2016-05-26,-0.0297003564,29.4943876299,SPY:1.000:x-1.0
2016-05-25,-0.6882387642,29.5031501706,SPY:1.000:x-1.0
2016-05-24,-1.2822586733,29.7076094548,SPY:1.000:x-1.0
2016-05-23,0.1349862854,30.0934857864,SPY:1.000:x-1.0
2016-05-20,-0.6187049588,30.0529184681,SPY:1.000:x-1.0
2016-05-19,0.3419088746,30.2400149401,SPY:1.000:x-1.0
2016-05-18,-0.0285291347,30.1369739516,SPY:1.000:x-1.0
2016-05-17,0.9366968938,30.1455742231,SPY:1.000:x-1.0
2016-05-16,-0.9717148130,29.8658219961,SPY:1.000:x-1.0
2016-05-13,0.8738269823,30.1588803035,SPY:1.000:x-1.0
2016-05-12,-0.0292998953,29.8976267737,SPY:1.000:x-1.0
2016-05-11,0.9547650610,29.9063893144,SPY:1.000:x-1.0
2016-05-10,-1.2383214226,29.6235539713,SPY:1.000:x-1.0
2016-05-09,-0.0816225040,29.9949883376,SPY:1.000:x-1.0
2016-05-06,-0.3613958173,30.0194909978,SPY:1.000:x-1.0
2016-05-05,0.0193931036,30.1283736801,SPY:1.000:x-1.0
2016-05-04,0.5563199463,30.1225319863,SPY:1.000:x-1.0
2016-05-03,0.8847623055,29.9558814428,SPY:1.000:x-1.0
2016-05-02,-0.7942445731,29.6931674895,SPY:1.000:x-1.0
2016-04-29,0.5483395969,29.9308919747,SPY:1.000:x-1.0
2016-04-28,0.9434119233,29.7676640854,SPY:1.000:x-1.0
2016-04-27,-0.2130744709,29.4894570317,SPY:1.000:x-1.0
2016-04-26,-0.1530682729,29.5524257064,SPY:1.000:x-1.0
2016-04-25,0.1782521327,29.5977304412,SPY:1.000:x-1.0
2016-04-22,0.0000000000,29.5450657314,SPY:1.000:x-1.0
2016-04-21,0.5622574917,29.5450657314,SPY:1.000:x-1.0
2016-04-20,-0.0995484172,29.3798751822,SPY:1.000:x-1.0
2016-04-19,-0.3270473720,29.4091515270,SPY:1.000:x-1.0
2016-04-18,-0.7181891727,29.5056489766,SPY:1.000:x-1.0
2016-04-15,0.1134979973,29.7190882506,SPY:1.000:x-1.0
2016-04-14,-0.0044074949,29.6853959208,SPY:1.000:x-1.0
2016-04-13,-1.0148879315,29.6867043608,SPY:1.000:x-1.0
2016-04-12,-0.9175005944,29.9910802144,SPY:1.000:x-1.0
2016-04-11,0.2318024263,30.2687966032,SPY:1.000:x-1.0
2016-04-08,-0.2652176027,30.1987950635,SPY:1.000:x-1.0
2016-04-07,1.2070652679,30.2791005681,SPY:1.000:x-1.0
2016-04-06,-1.0783216254,29.9179711297,SPY:1.000:x-1.0
2016-04-05,1.0061450225,30.2440997983,SPY:1.000:x-1.0
2016-04-04,0.3282623468,29.9428314896,SPY:1.000:x-1.0
2016-04-01,-0.6809015550,29.8448620451,SPY:1.000:x-1.0
2016-03-31,0.2791621389,30.0494693492,SPY:1.000:x-1.0
2016-03-30,-0.4996085157,29.9658161359,SPY:1.000:x-1.0
2016-03-29,-1.0337808335,30.1162796336,SPY:1.000:x-1.0
2016-03-28,-0.0663737209,30.4308681156,SPY:1.000:x-1.0
2016-03-24,0.0491899038,30.4510796302,SPY:1.000:x-1.0
2016-03-23,0.7483258687,30.4361081379,SPY:1.000:x-1.0
2016-03-22,0.0607454332,30.2100386041,SPY:1.000:x-1.0
2016-03-21,-0.1602841795,30.1916985261,SPY:1.000:x-1.0
2016-03-18,-0.4405340628,30.2401687324,SPY:1.000:x-1.0
2016-03-17,-0.7017436525,30.3739764449,SPY:1.000:x-1.0
2016-03-16,-0.6328613724,30.5886302158,SPY:1.000:x-1.0
2016-03-15,0.1790532105,30.7834467594,SPY:1.000:x-1.0
2016-03-14,0.1408828660,30.7284265252,SPY:1.000:x-1.0
2016-03-11,-1.7167176167,30.6851963412,SPY:1.000:x-1.0
2016-03-10,-0.0850441990,31.2211757657,SPY:1.000:x-1.0
2016-03-09,-0.5195300398,31.2477501645,SPY:1.000:x-1.0
2016-03-08,1.1742296378,31.4109394306,SPY:1.000:x-1.0
2016-03-07,-0.0855225912,31.0463835930,SPY:1.000:x-1.0
2016-03-04,-0.3498958715,31.0729579919,SPY:1.000:x-1.0
2016-03-03,-0.4118104118,31.1820627420,SPY:1.000:x-1.0
2016-03-02,-0.4711425206,31.3110047195,SPY:1.000:x-1.0
2016-03-01,-2.3503032275,31.4592224933,SPY:1.000:x-1.0
2016-02-29,0.7949776120,32.2164057167,SPY:1.000:x-1.0
2016-02-26,0.2343649296,31.9623124881,SPY:1.000:x-1.0
2016-02-25,-1.2045961043,31.8875791856,SPY:1.000:x-1.0
2016-02-24,-0.4506243625,32.2763791919,SPY:1.000:x-1.0
2016-02-23,1.2769260398,32.4224827984,SPY:1.000:x-1.0
2016-02-22,-1.4227197938,32.0136916336,SPY:1.000:x-1.0
2016-02-19,0.0460452855,32.4757302764,SPY:1.000:x-1.0
2016-02-18,0.4062667953,32.4607836159,SPY:1.000:x-1.0
2016-02-17,-1.5682950693,32.3294398367,SPY:1.000:x-1.0
2016-02-16,-1.5688865497,32.8445391243,SPY:1.000:x-1.0
2016-02-12,-1.8428038318,33.3680459085,SPY:1.000:x-1.0
2016-02-11,1.1923896178,33.9944978169,SPY:1.000:x-1.0
2016-02-10,0.0790359836,33.5939273153,SPY:1.000:x-1.0
2016-02-09,-0.0050090720,33.5673969930,SPY:1.000:x-1.0
2016-02-08,1.2681486157,33.5690784923,SPY:1.000:x-1.0
2016-02-05,1.8636107890,33.1487036656,SPY:1.000:x-1.0
2016-02-04,-0.1524844649,32.5422429156,SPY:1.000:x-1.0
2016-02-03,-0.5779160825,32.5919405618,SPY:1.000:x-1.0
2016-02-02,1.8009445676,32.7813894837,SPY:1.000:x-1.0
2016-02-01,0.0365660423,32.2014590562,SPY:1.000:x-1.0
2016-01-29,-2.1090905351,32.1896885610,SPY:1.000:x-1.0
2016-01-28,-0.4464559995,32.8832255589,SPY:1.000:x-1.0
2016-01-27,0.9515441271,33.0306930698,SPY:1.000:x-1.0
2016-01-26,-1.1632065062,32.7193539786,SPY:1.000:x-1.0
2016-01-25,1.3261555981,33.1044268252,SPY:1.000:x-1.0
2016-01-22,-1.7324869275,32.6711564549,SPY:1.000:x-1.0
2016-01-21,-0.4683046360,33.2471591408,SPY:1.000:x-1.0
2016-01-20,1.0968481610,33.4035897000,SPY:1.000:x-1.0
2016-01-19,-0.1134969325,33.0411781451,SPY:1.000:x-1.0
2016-01-15,1.9089696566,33.0787214793,SPY:1.000:x-1.0
2016-01-14,-1.4160755651,32.4590873510,SPY:1.000:x-1.0
2016-01-13,2.2563380726,32.9253349743,SPY:1.000:x-1.0
2016-01-12,-0.7190680794,32.1988207234,SPY:1.000:x-1.0
2016-01-11,-0.0864844588,32.4320290921,SPY:1.000:x-1.0
2016-01-08,0.9949960800,32.4601020357,SPY:1.000:x-1.0
2016-01-07,2.2835399983,32.1403072386,SPY:1.000:x-1.0
2016-01-06,1.2307340274,31.4227560359,SPY:1.000:x-1.0
2016-01-05,-0.1648064748,31.0407272434,SPY:1.000:x-1.0
2016-01-04,1.3981038733,31.0919688211,SPY:1.000:x-1.0
2015-12-31,0.9856722425,30.6632645320,SPY:1.000:x-1.0
2015-12-30,0.7081861332,30.3639752562,SPY:1.000:x-1.0
2015-12-29,-1.0439510356,30.1504539224,SPY:1.000:x-1.0
2015-12-28,0.2246285300,30.4685304617,SPY:1.000:x-1.0
2015-12-24,0.1625552392,30.4002428431,SPY:1.000:x-1.0
2015-12-23,-1.1918691231,30.3509058555,SPY:1.000:x-1.0
2015-12-22,-0.8584143589,30.7170124423,SPY:1.000:x-1.0
2015-12-21,-0.7670653732,30.9829747464,SPY:1.000:x-1.0
2015-12-18,1.7169437762,31.2224715140,SPY:1.000:x-1.0
2015-12-17,1.5144065828,30.6954479312,SPY:1.000:x-1.0
2015-12-16,-1.4125843582,30.2375288045,SPY:1.000:x-1.0
2015-12-15,-0.9930177615,30.6707794374,SPY:1.000:x-1.0
2015-12-14,-0.4739485742,30.9784004562,SPY:1.000:x-1.0
2015-12-11,1.8866411050,31.1259213164,SPY:1.000:x-1.0
2015-12-10,-0.2501760300,30.5495607460,SPY:1.000:x-1.0
2015-12-09,0.7648687146,30.6261801075,SPY:1.000:x-1.0
2015-12-08,0.6704327782,30.3937081428,SPY:1.000:x-1.0
2015-12-07,0.6108316457,30.1912957996,SPY:1.000:x-1.0
2015-12-04,-1.8934032655,30.0079974549,SPY:1.000:x-1.0
2015-12-03,1.3977947229,30.5871352730,SPY:1.000:x-1.0
2015-12-02,1.0402359546,30.1654837332,SPY:1.000:x-1.0
2015-12-01,-0.9533565304,29.8549220993,SPY:1.000:x-1.0
2015-11-30,0.4216170577,30.1422855470,SPY:1.000:x-1.0
2015-11-27,-0.1160975877,30.0157340921,SPY:1.000:x-1.0
2015-11-25,0.0147882001,30.0506221395,SPY:1.000:x-1.0
2015-11-24,-0.1356481026,30.0461788504,SPY:1.000:x-1.0
2015-11-23,0.1166401078,30.0869912832,SPY:1.000:x-1.0
2015-11-20,-0.3671857098,30.0519386696,SPY:1.000:x-1.0
2015-11-19,0.0868249903,30.1626917634,SPY:1.000:x-1.0
2015-11-18,-1.5493873952,30.1365257278,SPY:1.000:x-1.0
2015-11-17,0.0715530784,30.6108056928,SPY:1.000:x-1.0
2015-11-16,-1.4438040499,30.5889183801,SPY:1.000:x-1.0
2015-11-13,1.0896947997,31.0370323095,SPY:1.000:x-1.0
2015-11-12,1.3934631145,30.7024691004,SPY:1.000:x-1.0
2015-11-11,0.3955760952,30.2805212065,SPY:1.000:x-1.0
2015-11-10,-0.2308098486,30.1612106670,SPY:1.000:x-1.0
2015-11-09,0.9523652510,30.2309867618,SPY:1.000:x-1.0
2015-11-06,0.0533345063,29.9457934310,SPY:1.000:x-1.0
2015-11-05,0.1023749897,29.9298305037,SPY:1.000:x-1.0
2015-11-04,0.3119478799,29.8992211791,SPY:1.000:x-1.0
2015-11-03,-0.2967097694,29.8062412415,SPY:1.000:x-1.0
2015-11-02,-1.1831326088,29.8949424563,SPY:1.000:x-1.0
2015-10-30,0.5161591534,30.2528740746,SPY:1.000:x-1.0
2015-10-29,0.0687820388,30.0975229549,SPY:1.000:x-1.0
2015-10-28,-1.3304479217,30.0768354942,SPY:1.000:x-1.0
2015-10-27,0.2271648036,30.4823877891,SPY:1.000:x-1.0
2015-10-26,0.2902505422,30.4132994770,SPY:1.000:x-1.0
2015-10-23,-1.2638842996,30.3252801869,SPY:1.000:x-1.0
2015-10-22,-1.8798281656,30.7134628213,SPY:1.000:x-1.0
2015-10-21,0.6880489168,31.3018844618,SPY:1.000:x-1.0
2015-10-20,0.1559326723,31.0879839252,SPY:1.000:x-1.0
2015-10-19,-0.0559284116,31.0395830738,SPY:1.000:x-1.0
2015-10-16,-0.5082997280,31.0569527342,SPY:1.000:x-1.0
2015-10-15,-1.6636848221,31.2156216542,SPY:1.000:x-1.0
2015-10-14,0.5247153929,31.7437373952,SPY:1.000:x-1.0
2015-10-13,0.6989090049,31.5780425452,SPY:1.000:x-1.0
2015-10-12,-0.1044470833,31.3588725610,SPY:1.000:x-1.0
2015-10-09,-0.0658577349,31.3916602345,SPY:1.000:x-1.0
2015-10-08,-0.9788118909,31.4123476952,SPY:1.000:x-1.0
2015-10-07,-0.8739030474,31.7228547698,SPY:1.000:x-1.0
2015-10-06,0.3678630888,32.0025258182,SPY:1.000:x-1.0
2015-10-05,-1.8426728670,31.8852318195,SPY:1.000:x-1.0
2015-10-02,-1.5019440055,32.4838020256,SPY:1.000:x-1.0
2015-10-01,-0.2608854760,32.9791300931,SPY:1.000:x-1.0
2015-09-30,-1.7106032040,33.0653929008,SPY:1.000:x-1.0
2015-09-29,-0.0534449985,33.6408544346,SPY:1.000:x-1.0
2015-09-28,2.4145675334,33.6588434029,SPY:1.000:x-1.0
2015-09-25,0.0248346240,32.8652888096,SPY:1.000:x-1.0
2015-09-24,0.3506029351,32.8571288652,SPY:1.000:x-1.0
2015-09-23,0.1554354177,32.7423332837,SPY:1.000:x-1.0
2015-09-22,1.2952162046,32.6915190844,SPY:1.000:x-1.0
2015-09-21,-0.5105249317,32.2735073870,SPY:1.000:x-1.0
2015-09-18,1.6687300563,32.4391171677,SPY:1.000:x-1.0
2015-09-17,0.2307006659,31.9066807953,SPY:1.000:x-1.0
2015-09-16,-0.8737381904,31.8332412957,SPY:1.000:x-1.0
2015-09-15,-1.2291879374,32.1138321112,SPY:1.000:x-1.0
2015-09-14,0.3675355084,32.5134839338,SPY:1.000:x-1.0
2015-09-11,-0.4462555568,32.3944229268,SPY:1.000:x-1.0
2015-09-10,-0.5283686335,32.5396328465,SPY:1.000:x-1.0
2015-09-09,1.3339461136,32.7124753053,SPY:1.000:x-1.0
2015-09-08,-2.3871875824,32.2818527846,SPY:1.000:x-1.0
2015-09-04,1.4813002208,33.0713274058,SPY:1.000:x-1.0
2015-09-03,-0.0699471700,32.5885925129,SPY:1.000:x-1.0
2015-09-02,-1.7877887494,32.6114032666,SPY:1.000:x-1.0
2015-09-01,2.9846024652,33.2050392221,SPY:1.000:x-1.0
2015-08-31,0.7261128859,32.2427221422,SPY:1.000:x-1.0
2015-08-28,-0.0046149113,32.0102912923,SPY:1.000:x-1.0
2015-08-27,-2.1229611041,32.0117686070,SPY:1.000:x-1.0
2015-08-26,-3.0762645082,32.7061065272,SPY:1.000:x-1.0
2015-08-25,0.9849240307,33.7441663399,SPY:1.000:x-1.0
2015-08-24,3.6174934593,33.4150534486,SPY:1.000:x-1.0
2015-08-21,2.9211152206,32.2484672550,SPY:1.000:x-1.0
2015-08-20,2.0453330482,31.3331887105,SPY:1.000:x-1.0
2015-08-19,0.7866379310,30.7051658067,SPY:1.000:x-1.0
2015-08-18,0.2901714551,30.4655125293,SPY:1.000:x-1.0
2015-08-17,-0.5529523032,30.3773660841,SPY:1.000:x-1.0
2015-08-14,-0.3582118322,30.5462724008,SPY:1.000:x-1.0
2015-08-13,0.1227671392,30.6560861286,SPY:1.000:x-1.0
2015-08-12,-0.1178032899,30.6184966762,SPY:1.000:x-1.0
2015-08-11,0.9028479423,30.6546088139,SPY:1.000:x-1.0
2015-08-10,-1.2295541265,30.3803207135,SPY:1.000:x-1.0
2015-08-07,0.1876664136,30.7585132828,SPY:1.000:x-1.0
2015-08-06,0.8155410978,30.7008980086,SPY:1.000:x-1.0
2015-08-05,-0.3261196596,30.4525449889,SPY:1.000:x-1.0
2015-08-04,0.1943294557,30.5521816597,SPY:1.000:x-1.0
2015-08-03,0.3370367770,30.4929249247,SPY:1.000:x-1.0
2015-07-31,0.1596078853,30.3904977705,SPY:1.000:x-1.0
2015-07-30,-0.0248971578,30.3420694351,SPY:1.000:x-1.0
2015-07-29,-0.7118217468,30.3496256293,SPY:1.000:x-1.0
2015-07-28,-1.2395410258,30.5672096751,SPY:1.000:x-1.0
2015-07-27,0.5944307697,30.9508582611,SPY:1.000:x-1.0
2015-07-24,1.0815476795,30.7679640158,SPY:1.000:x-1.0
2015-07-23,0.5942144961,30.4387543742,SPY:1.000:x-1.0
2015-07-22,0.1899184033,30.2589512992,SPY:1.000:x-1.0
2015-07-21,0.4219818873,30.2015929162,SPY:1.000:x-1.0
2015-07-20,-0.0553580295,30.0746832004,SPY:1.000:x-1.0
2015-07-17,-0.0900895764,30.0913411739,SPY:1.000:x-1.0
2015-07-16,-0.8407399869,30.1184747803,SPY:1.000:x-1.0
2015-07-15,0.0350666833,30.3738397970,SPY:1.000:x-1.0
2015-07-14,-0.4509957378,30.3631924325,SPY:1.000:x-1.0
2015-07-13,-1.1212497425,30.5007495128,SPY:1.000:x-1.0
2015-07-10,-1.2474572544,30.8466171279,SPY:1.000:x-1.0
2015-07-09,-0.1783607277,31.2362763229,SPY:1.000:x-1.0
2015-07-08,1.7131278399,31.2920891207,SPY:1.000:x-1.0
2015-07-07,-0.6339821065,30.7650445771,SPY:1.000:x-1.0
2015-07-06,0.2887022306,30.9613338940,SPY:1.000:x-1.0
2015-07-02,0.0929828566,30.8722051491,SPY:1.000:x-1.0
2015-07-01,-0.8014183614,30.8435259575,SPY:1.000:x-1.0
2015-06-30,-0.2005938425,31.0927086336,SPY:1.000:x-1.0
2015-06-29,2.0911119636,31.1552040545,SPY:1.000:x-1.0
2015-06-26,0.0194559889,30.5170581995,SPY:1.000:x-1.0
2015-06-25,0.3046549322,30.5111219590,SPY:1.000:x-1.0
2015-06-24,0.7399681076,30.4184506488,SPY:1.000:x-1.0
2015-06-23,-0.0720335283,30.1950171518,SPY:1.000:x-1.0
2015-06-22,-0.5157493567,30.2167833670,SPY:1.000:x-1.0
2015-06-19,0.4509982495,30.3734341583,SPY:1.000:x-1.0
2015-06-18,-1.0346055870,30.2370655221,SPY:1.000:x-1.0
2015-06-17,-0.1605724570,30.5531703293,SPY:1.000:x-1.0
2015-06-16,-0.5348797325,30.6023092091,SPY:1.000:x-1.0
2015-06-15,0.4241210790,30.7668749877,SPY:1.000:x-1.0
2015-06-12,0.7690722320,30.6369372788,SPY:1.000:x-1.0
2015-06-11,-0.3216685678,30.4031153608,SPY:1.000:x-1.0
2015-06-10,-1.1690469703,30.5012282248,SPY:1.000:x-1.0
2015-06-09,0.0138937131,30.8620197315,SPY:1.000:x-1.0
2015-06-08,0.6069696676,30.8577324467,SPY:1.000:x-1.0
2015-06-05,0.1696366544,30.6715653484,SPY:1.000:x-1.0
2015-06-04,0.8510568964,30.6196232439,SPY:1.000:x-1.0
2015-06-03,-0.2654186573,30.3612318861,SPY:1.000:x-1.0
2015-06-02,0.0997668492,30.4420307153,SPY:1.000:x-1.0
2015-06-01,-0.2039966019,30.4116899305,SPY:1.000:x-1.0
2015-05-29,0.6459507937,30.4738555603,SPY:1.000:x-1.0
2015-05-28,0.1174818602,30.2782728167,SPY:1.000:x-1.0
2015-05-27,-0.9700723538,30.2427430795,SPY:1.000:x-1.0
2015-05-26,1.1232681782,30.5389934117,SPY:1.000:x-1.0
2015-05-22,0.2504900281,30.1997690165,SPY:1.000:x-1.0
2015-05-21,-0.3040415691,30.1243106223,SPY:1.000:x-1.0
2015-05-20,0.0739653260,30.2161803713,SPY:1.000:x-1.0
2015-05-19,0.0341926334,30.1938473936,SPY:1.000:x-1.0
2015-05-18,-0.3229429151,30.1835268509,SPY:1.000:x-1.0
2015-05-15,-0.1121776984,30.2813182227,SPY:1.000:x-1.0
2015-05-14,-1.0585487336,30.3153252569,SPY:1.000:x-1.0
2015-05-13,-0.0193229247,30.6396610003,SPY:1.000:x-1.0
2015-05-12,0.3029044494,30.6455826232,SPY:1.000:x-1.0
2015-05-11,0.4941651780,30.5530361174,SPY:1.000:x-1.0
2015-05-08,-1.3217721741,30.4027960860,SPY:1.000:x-1.0
2015-05-07,-0.3970901931,30.8100345495,SPY:1.000:x-1.0
2015-05-06,0.4135612955,30.9328659265,SPY:1.000:x-1.0
2015-05-05,1.1769347462,30.8054664404,SPY:1.000:x-1.0
2015-05-04,-0.2908845105,30.4471236628,SPY:1.000:x-1.0
2015-05-01,-1.0840613388,30.5359480057,SPY:1.000:x-1.0
2015-04-30,1.0425726582,30.8706042919,SPY:1.000:x-1.0
2015-04-29,0.4322178106,30.5520766938,SPY:1.000:x-1.0
2015-04-28,-0.3318502773,30.4205934707,SPY:1.000:x-1.0
2015-04-27,0.4377796452,30.5218804155,SPY:1.000:x-1.0
2015-04-24,-0.2429975360,30.3888442410,SPY:1.000:x-1.0
2015-04-23,-0.2621335638,30.4628682603,SPY:1.000:x-1.0
2015-04-22,-0.5069950706,30.5429315352,SPY:1.000:x-1.0
2015-04-21,0.1232469667,30.6985717809,SPY:1.000:x-1.0
2015-04-20,-0.9272113964,30.6607832955,SPY:1.000:x-1.0
2015-04-17,1.1950100713,30.9477342141,SPY:1.000:x-1.0
2015-04-16,0.0299124074,30.5822729720,SPY:1.000:x-1.0
2015-04-15,-0.4623413686,30.5731278135,SPY:1.000:x-1.0
2015-04-14,-0.1962356398,30.7151365964,SPY:1.000:x-1.0
2015-04-13,0.4686663850,30.7755291529,SPY:1.000:x-1.0
2015-04-10,-0.5590316094,30.6319674185,SPY:1.000:x-1.0
2015-04-09,-0.4516737020,30.8041724797,SPY:1.000:x-1.0
2015-04-08,-0.3378885301,30.9439381105,SPY:1.000:x-1.0
2015-04-07,0.2680263011,31.0488486087,SPY:1.000:x-1.0
2015-04-06,-0.6757766450,30.9658519810,SPY:1.000:x-1.0
2015-04-02,-0.3546138404,31.1765357282,SPY:1.000:x-1.0
2015-04-01,0.3536541495,31.2874854820,SPY:1.000:x-1.0
2015-03-31,0.8617425267,31.1772259288,SPY:1.000:x-1.0
2015-03-30,-1.1745208628,30.9108539549,SPY:1.000:x-1.0
2015-03-27,-0.2197720132,31.2782232121,SPY:1.000:x-1.0
2015-03-26,0.2293651557,31.3471153987,SPY:1.000:x-1.0
2015-03-25,1.4531430524,31.2753805733,SPY:1.000:x-1.0
2015-03-24,0.5629285375,30.8274141464,SPY:1.000:x-1.0
2015-03-23,0.1962091732,30.6548492518,SPY:1.000:x-1.0
2015-03-20,-0.8727970137,30.5948194096,SPY:1.000:x-1.0
2015-03-19,0.4555300367,30.8642012363,SPY:1.000:x-1.0
2015-03-18,-1.1720031626,30.7242430806,SPY:1.000:x-1.0
2015-03-17,0.2912919879,31.0886024849,SPY:1.000:x-1.0
2015-03-16,-1.2770331081,30.9983069005,SPY:1.000:x-1.0
2015-03-13,0.5940965340,31.3992861808,SPY:1.000:x-1.0
2015-03-12,-1.1993479273,31.2138458047,SPY:1.000:x-1.0
2015-03-11,0.2217294900,31.5927528310,SPY:1.000:x-1.0
2015-03-10,1.5875239799,31.5228573601,SPY:1.000:x-1.0
2015-03-09,-0.4025289552,31.0302447832,SPY:1.000:x-1.0
2015-03-06,1.4041427654,31.1556553170,SPY:1.000:x-1.0
2015-03-05,-0.1092729813,30.7242430806,SPY:1.000:x-1.0
2015-03-04,0.4236570998,30.7578531036,SPY:1.000:x-1.0
2015-03-03,0.4155496713,30.6280950046,SPY:1.000:x-1.0
2015-03-02,-0.6313736599,30.5013467584,SPY:1.000:x-1.0
2015-02-27,0.3837091888,30.6951478367,SPY:1.000:x-1.0
2015-02-26,0.1335890727,30.5778179395,SPY:1.000:x-1.0
2015-02-25,0.0963012942,30.5370238126,SPY:1.000:x-1.0
2015-02-24,-0.3203834819,30.5076445561,SPY:1.000:x-1.0
2015-02-23,0.0158994178,30.6057001639,SPY:1.000:x-1.0
2015-02-20,-0.6663629461,30.6008348093,SPY:1.000:x-1.0
2015-02-19,0.0796381631,30.8061153471,SPY:1.000:x-1.0
2015-02-18,-0.0103336555,30.7816014452,SPY:1.000:x-1.0
2015-02-17,-0.1747583420,30.7847826385,SPY:1.000:x-1.0
2015-02-13,-0.4524367555,30.8386757971,SPY:1.000:x-1.0
2015-02-12,-1.0365729726,30.9788354350,SPY:1.000:x-1.0
2015-02-11,-0.0627288858,31.3033171602,SPY:1.000:x-1.0
2015-02-10,-1.1223543450,31.3229657076,SPY:1.000:x-1.0
2015-02-09,0.4760067662,31.6785108505,SPY:1.000:x-1.0
2015-02-06,0.2958544658,31.5284333744,SPY:1.000:x-1.0
2015-02-05,-1.0572318783,31.4354302502,SPY:1.000:x-1.0
2015-02-04,0.4015280537,31.7713268457,SPY:1.000:x-1.0
2015-02-03,-1.4821029083,31.6442662394,SPY:1.000:x-1.0
2015-02-02,-1.2382048331,32.1203224729,SPY:1.000:x-1.0
2015-01-30,1.2146060077,32.5230241296,SPY:1.000:x-1.0
2015-01-29,-0.8769877755,32.1327379638,SPY:1.000:x-1.0
2015-01-28,1.2481753835,32.4170313661,SPY:1.000:x-1.0
2015-01-27,1.3176399679,32.0173980847,SPY:1.000:x-1.0
2015-01-26,-0.2327368292,31.6010105396,SPY:1.000:x-1.0
2015-01-23,0.5508963262,31.6747293003,SPY:1.000:x-1.0
2015-01-22,-1.4515942157,31.5011903996,SPY:1.000:x-1.0
2015-01-21,-0.4902768170,31.9651953260,SPY:1.000:x-1.0
2015-01-20,-0.2032731915,32.1226854055,SPY:1.000:x-1.0
2015-01-16,-1.2306060491,32.1881152146,SPY:1.000:x-1.0
2015-01-15,0.8750764259,32.5891593813,SPY:1.000:x-1.0
2015-01-14,0.5836778845,32.3064532251,SPY:1.000:x-1.0
2015-01-13,0.2736422499,32.1189818314,SPY:1.000:x-1.0
2015-01-12,0.7734561394,32.0313305778,SPY:1.000:x-1.0
2015-01-09,0.8042865453,31.7854838019,SPY:1.000:x-1.0
2015-01-08,-1.7194371152,31.5318771564,SPY:1.000:x-1.0
2015-01-07,-1.1787712532,32.0835333365,SPY:1.000:x-1.0
2015-01-06,0.9270884161,32.4662359934,SPY:1.000:x-1.0
2015-01-05,1.7845882556,32.1680100981,SPY:1.000:x-1.0
2015-01-02,0.0530412158,31.6040086710,SPY:1.000:x-1.0
2014-12-31,1.0071651807,31.5872544073,SPY:1.000:x-1.0
2014-12-30,0.5506440165,31.2722907833,SPY:1.000:x-1.0
2014-12-29,-0.1374717591,31.1010347961,SPY:1.000:x-1.0
2014-12-26,-0.3273919831,31.1438487929,SPY:1.000:x-1.0
2014-12-24,-0.0101071356,31.2461461705,SPY:1.000:x-1.0
2014-12-23,-0.1368203840,31.2493045801,SPY:1.000:x-1.0
2014-12-22,-0.4621464133,31.2921185769,SPY:1.000:x-1.0
2014-12-19,-0.4235074419,31.4374054185,SPY:1.000:x-1.0
2014-12-18,-2.3468113976,31.5711114249,SPY:1.000:x-1.0
2014-12-17,-1.7925197081,32.3298315976,SPY:1.000:x-1.0
2014-12-16,0.7447939600,32.9199277912,SPY:1.000:x-1.0
2014-12-15,0.6463816678,32.6765547848,SPY:1.000:x-1.0
2014-12-12,1.5694045704,32.4666960136,SPY:1.000:x-1.0
2014-12-11,-0.4872639474,31.9650352888,SPY:1.000:x-1.0
2014-12-10,1.5916090902,32.1215520312,SPY:1.000:x-1.0
2014-12-09,0.0677503013,31.6183121017,SPY:1.000:x-1.0
2014-12-08,0.6731183156,31.5969051033,SPY:1.000:x-1.0
2014-12-05,-0.1640963815,31.3856425945,SPY:1.000:x-1.0
2014-12-04,0.1111955477,31.4372299513,SPY:1.000:x-1.0
2014-12-03,-0.3885073082,31.4023119785,SPY:1.000:x-1.0
2014-12-02,-0.6349206349,31.5247880841,SPY:1.000:x-1.0
2014-12-01,0.6950245598,31.7262244296,SPY:1.000:x-1.0
2014-11-28,0.2246740457,31.5072413641,SPY:1.000:x-1.0
2014-11-26,-0.2699396605,31.4366114573,SPY:1.000:x-1.0
2014-11-25,0.0765119947,31.5217010300,SPY:1.000:x-1.0
2014-11-24,-0.2951687391,31.4976015868,SPY:1.000:x-1.0
2014-11-21,-0.5561261408,31.5908478942,SPY:1.000:x-1.0
2014-11-20,-0.1817376919,31.7675153513,SPY:1.000:x-1.0
2014-11-19,0.1668708793,31.8253540152,SPY:1.000:x-1.0
2014-11-18,-0.5933427294,31.7723352400,SPY:1.000:x-1.0
2014-11-17,-0.0649181278,31.9619793204,SPY:1.000:x-1.0
2014-11-14,-0.0254970476,31.9827419177,SPY:1.000:x-1.0
2014-11-13,-0.1151833673,31.9908986524,SPY:1.000:x-1.0
2014-11-12,0.1077748549,32.0277893386,SPY:1.000:x-1.0
2014-11-11,-0.0978286667,31.9933085967,SPY:1.000:x-1.0
2014-11-10,-0.3196676380,32.0246378729,SPY:1.000:x-1.0
2014-11-07,-0.0951173114,32.1273385773,SPY:1.000:x-1.0
2014-11-06,-0.4030498588,32.1579263322,SPY:1.000:x-1.0
2014-11-05,-0.6275959651,32.2880633258,SPY:1.000:x-1.0
2014-11-04,0.3469478891,32.4919816919,SPY:1.000:x-1.0
2014-11-03,-0.0543599545,32.3796412103,SPY:1.000:x-1.0
2014-10-31,-1.1713447346,32.3972523419,SPY:1.000:x-1.0
2014-10-30,-0.6484251690,32.7812335955,SPY:1.000:x-1.0
2014-10-29,0.1533597584,32.9951826645,SPY:1.000:x-1.0
2014-10-28,-1.1365425547,32.9446588153,SPY:1.000:x-1.0
2014-10-27,0.1366415379,33.3233933616,SPY:1.000:x-1.0
2014-10-24,-0.7534004439,33.2779218973,SPY:1.000:x-1.0
2014-10-23,-1.1129386279,33.5305411431,SPY:1.000:x-1.0
2014-10-22,0.6901446649,33.9079154319,SPY:1.000:x-1.0
2014-10-21,-1.8503205636,33.6755057257,SPY:1.000:x-1.0
2014-10-20,-0.8902610160,34.3103573227,SPY:1.000:x-1.0
2014-10-17,-1.0585595592,34.6185528026,SPY:1.000:x-1.0
2014-10-16,0.0767016085,34.9889314815,SPY:1.000:x-1.0
2014-10-15,0.6157132711,34.9621149770,SPY:1.000:x-1.0
2014-10-14,-0.1401702147,34.7481659080,SPY:1.000:x-1.0
2014-10-13,1.5377985439,34.7969408547,SPY:1.000:x-1.0
2014-10-10,1.0931561660,34.2699382434,SPY:1.000:x-1.0
2014-10-09,1.9758109301,33.8993652420,SPY:1.000:x-1.0
2014-10-08,-1.6839177237,33.2425552029,SPY:1.000:x-1.0
2014-10-07,1.5323300637,33.8119201185,SPY:1.000:x-1.0
2014-10-06,0.1168408569,33.3016292419,SPY:1.000:x-1.0
2014-10-03,-1.0720808193,33.2627647426,SPY:1.000:x-1.0
2014-10-02,-0.0150242121,33.6232329741,SPY:1.000:x-1.0
2014-10-01,1.3552770294,33.6282853590,SPY:1.000:x-1.0
2014-09-30,0.2570459141,33.1786231015,SPY:1.000:x-1.0
2014-09-29,0.1785366859,33.0935574642,SPY:1.000:x-1.0
2014-09-26,-0.7671559581,33.0345786223,SPY:1.000:x-1.0
2014-09-25,1.6097856504,33.2899645689,SPY:1.000:x-1.0
2014-09-24,-0.7689312828,32.7625576177,SPY:1.000:x-1.0
2014-09-23,0.5688950308,33.0164312863,SPY:1.000:x-1.0
2014-09-22,0.7793323159,32.8296649538,SPY:1.000:x-1.0
2014-09-19,0.0911889412,32.5757912851,SPY:1.000:x-1.0
2014-09-18,-0.5332393569,32.5461128295,SPY:1.000:x-1.0
2014-09-17,-0.1344287643,32.7205919033,SPY:1.000:x-1.0
2014-09-16,-0.7404692502,32.7646369999,SPY:1.000:x-1.0
2014-09-15,0.0733562189,33.0090589311,SPY:1.000:x-1.0
2014-09-12,0.5821963212,32.9848624832,SPY:1.000:x-1.0
2014-09-11,-0.1145785352,32.7939373861,SPY:1.000:x-1.0
2014-09-10,-0.3711415902,32.8315553013,SPY:1.000:x-1.0
2014-09-09,0.6326812176,32.9538607842,SPY:1.000:x-1.0
2014-09-08,0.2592847676,32.7466786987,SPY:1.000:x-1.0
2014-09-05,-0.4471102046,32.6619911309,SPY:1.000:x-1.0
2014-09-04,0.1442510199,32.8086820966,SPY:1.000:x-1.0
2014-09-03,0.0548454513,32.7614234092,SPY:1.000:x-1.0
2014-09-02,0.0496742295,32.7434651080,SPY:1.000:x-1.0
2014-08-29,-0.3059704748,32.7272081195,SPY:1.000:x-1.0
2014-08-28,0.0586111648,32.8276510393,SPY:1.000:x-1.0
2014-08-27,0.0430416069,32.8084216412,SPY:1.000:x-1.0
2014-08-26,-0.0698158607,32.7943064447,SPY:1.000:x-1.0
2014-08-25,-0.5400110358,32.8172180680,SPY:1.000:x-1.0
2014-08-22,0.1658117323,32.9953968523,SPY:1.000:x-1.0
2014-08-21,-0.3095476889,32.9407771790,SPY:1.000:x-1.0
2014-08-20,-0.2821283715,33.0430612114,SPY:1.000:x-1.0
2014-08-19,-0.5452167666,33.1365488169,SPY:1.000:x-1.0
2014-08-18,-0.8613028499,33.3182052583,SPY:1.000:x-1.0
2014-08-15,0.0206999002,33.6076690698,SPY:1.000:x-1.0
2014-08-14,-0.4804750220,33.6007137556,SPY:1.000:x-1.0
2014-08-13,-0.6800060178,33.7629362309,SPY:1.000:x-1.0
2014-08-12,0.1373932641,33.9940981439,SPY:1.000:x-1.0
2014-08-11,-0.2872164639,33.9474566252,SPY:1.000:x-1.0
2014-08-08,-1.1328802604,34.0452401601,SPY:1.000:x-1.0
2014-08-07,0.5363307333,34.4353514594,SPY:1.000:x-1.0
2014-08-06,-0.0310473711,34.2516493373,SPY:1.000:x-1.0
2014-08-05,0.9773008169,34.2622868767,SPY:1.000:x-1.0
2014-08-04,-0.7176890294,33.9306820439,SPY:1.000:x-1.0
2014-08-01,0.3056047552,34.1759591534,SPY:1.000:x-1.0
2014-07-31,2.0007511759,34.0718340085,SPY:1.000:x-1.0
2014-07-30,-0.0154980538,33.4035128327,SPY:1.000:x-1.0
2014-07-29,0.4388433216,33.4086905295,SPY:1.000:x-1.0
2014-07-28,-0.0412928863,33.2627193073,SPY:1.000:x-1.0
2014-07-25,0.4822696741,33.2764601181,SPY:1.000:x-1.0
2014-07-24,-0.0048104387,33.1167480850,SPY:1.000:x-1.0
2014-07-23,-0.2279749228,33.1183412225,SPY:1.000:x-1.0
2014-07-22,-0.4431782210,33.1940152532,SPY:1.000:x-1.0
2014-07-21,0.1908945113,33.3417787551,SPY:1.000:x-1.0
2014-07-18,-1.0217196875,33.2782523978,SPY:1.000:x-1.0
2014-07-17,1.1630275867,33.6217726684,SPY:1.000:x-1.0
2014-07-16,-0.3760700087,33.2352376856,SPY:1.000:x-1.0
2014-07-15,0.1913852705,33.3606972627,SPY:1.000:x-1.0
2014-07-14,-0.5081639454,33.2969717633,SPY:1.000:x-1.0
2014-07-11,-0.1384523053,33.4670391900,SPY:1.000:x-1.0
2014-07-10,0.4015129821,33.5134393193,SPY:1.000:x-1.0
2014-07-09,-0.4513707417,33.3794166282,SPY:1.000:x-1.0
2014-07-08,0.6551889048,33.5307646895,SPY:1.000:x-1.0
2014-07-07,0.3569607343,33.3125048538,SPY:1.000:x-1.0
2014-07-03,-0.4996358687,33.1940152532,SPY:1.000:x-1.0
2014-07-02,-0.1025677723,33.3606972627,SPY:1.000:x-1.0
2014-07-01,-0.6693361133,33.3949497187,SPY:1.000:x-1.0
2014-06-30,0.0531165847,33.6199803888,SPY:1.000:x-1.0
2014-06-27,-0.2021746098,33.6021320838,SPY:1.000:x-1.0
2014-06-26,0.0746383740,33.6702046888,SPY:1.000:x-1.0
2014-06-25,-0.4660043960,33.6450925388,SPY:1.000:x-1.0
2014-06-24,0.6289541321,33.8026142069,SPY:1.000:x-1.0
2014-06-23,0.0321376480,33.5913400854,SPY:1.000:x-1.0
2014-06-20,-0.2109210218,33.5805480871,SPY:1.000:x-1.0
2014-06-19,-0.1195022792,33.6515262301,SPY:1.000:x-1.0
2014-06-18,-0.7477241185,33.6917886854,SPY:1.000:x-1.0
2014-06-17,-0.2828802575,33.9456081850,SPY:1.000:x-1.0
2014-06-16,-0.0834531322,34.0419060164,SPY:1.000:x-1.0
2014-06-13,-0.3072812291,34.0703387813,SPY:1.000:x-1.0
2014-06-12,0.7242210342,34.1753532268,SPY:1.000:x-1.0
2014-06-11,0.3584977471,33.9296277259,SPY:1.000:x-1.0
2014-06-10,-0.0104346332,33.8084252830,SPY:1.000:x-1.0
2014-06-09,-0.1079125663,33.8119534363,SPY:1.000:x-1.0
2014-06-06,-0.4844742478,33.8484801999,SPY:1.000:x-1.0
2014-06-05,-0.6558728504,34.0132657131,SPY:1.000:x-1.0
2014-06-04,-0.2026544711,34.2378222941,SPY:1.000:x-1.0
2014-06-03,0.0496295938,34.3073476681,SPY:1.000:x-1.0
2014-06-02,-0.1118439746,34.2903295168,SPY:1.000:x-1.0
2014-05-30,-0.1681702946,34.3287241263,SPY:1.000:x-1.0
2014-05-29,-0.5345138754,34.3865520923,SPY:1.000:x-1.0
2014-05-28,0.0761475626,34.5713407052,SPY:1.000:x-1.0
2014-05-27,-0.6284903100,34.5450355027,SPY:1.000:x-1.0
2014-05-23,-0.4060812536,34.7635208627,SPY:1.000:x-1.0
2014-05-22,-0.2454117325,34.9052645988,SPY:1.000:x-1.0
2014-05-21,-0.8360493127,34.9911369542,SPY:1.000:x-1.0
2014-05-20,0.6336451959,35.2861465399,SPY:1.000:x-1.0
2014-05-19,-0.3657007308,35.0639654076,SPY:1.000:x-1.0
2014-05-16,-0.3435135651,35.1926652415,SPY:1.000:x-1.0
2014-05-15,0.8850162098,35.3139735310,SPY:1.000:x-1.0
2014-05-14,0.4817713209,35.0041808563,SPY:1.000:x-1.0
2014-05-13,-0.0935208739,34.8363493161,SPY:1.000:x-1.0
2014-05-12,-0.9675288190,34.8689590713,SPY:1.000:x-1.0
2014-05-09,-0.1504287837,35.2096223143,SPY:1.000:x-1.0
2014-05-08,0.1086238713,35.2626675161,SPY:1.000:x-1.0
2014-05-07,-0.5798542081,35.2244054033,SPY:1.000:x-1.0
2014-05-06,0.8714812706,35.4298468612,SPY:1.000:x-1.0
2014-05-05,-0.1908903894,35.1237499588,SPY:1.000:x-1.0
2014-05-02,0.1410498314,35.1909260546,SPY:1.000:x-1.0
2014-05-01,-0.0080416682,35.1413592267,SPY:1.000:x-1.0
2014-04-30,-0.3007998399,35.1441854054,SPY:1.000:x-1.0
2014-04-29,-0.4674526012,35.2502180048,SPY:1.000:x-1.0
2014-04-28,-0.3114916853,35.4157699426,SPY:1.000:x-1.0
2014-04-25,0.8270874260,35.5264318238,SPY:1.000:x-1.0
2014-04-24,-0.2035413701,35.2350075071,SPY:1.000:x-1.0
2014-04-23,0.2359390939,35.3068715973,SPY:1.000:x-1.0
2014-04-22,-0.4541603329,35.2237649654,SPY:1.000:x-1.0
2014-04-21,-0.3464246247,35.3844671794,SPY:1.000:x-1.0
2014-04-17,-0.1413497663,35.5074738123,SPY:1.000:x-1.0
2014-04-16,-1.0137830308,35.5577345870,SPY:1.000:x-1.0
2014-04-15,-0.6596113048,35.9219047618,SPY:1.000:x-1.0
2014-04-14,-0.7430535386,36.1604229998,SPY:1.000:x-1.0
2014-04-11,0.8617532896,36.4311257690,SPY:1.000:x-1.0
2014-04-10,2.1056501717,36.1198616728,SPY:1.000:x-1.0
2014-04-09,-1.0537544240,35.3749881736,SPY:1.000:x-1.0
2014-04-08,-0.4004077772,35.7517235421,SPY:1.000:x-1.0
2014-04-07,1.0976866626,35.8954517225,SPY:1.000:x-1.0
2014-04-04,1.2032597973,35.5057102763,SPY:1.000:x-1.0
2014-04-03,0.1346445447,35.0835638570,SPY:1.000:x-1.0
2014-04-02,-0.3392317436,35.0363892702,SPY:1.000:x-1.0
2014-04-01,-0.6627549177,35.1556483891,SPY:1.000:x-1.0
2014-03-31,-0.8196978738,35.3901986712,SPY:1.000:x-1.0
2014-03-28,-0.4881677147,35.6826889136,SPY:1.000:x-1.0
2014-03-27,0.2098326976,35.8577347981,SPY:1.000:x-1.0
2014-03-26,0.7255474729,35.7826510960,SPY:1.000:x-1.0
2014-03-25,-0.4747044086,35.5249010740,SPY:1.000:x-1.0
2014-03-24,0.4167822644,35.6943436972,SPY:1.000:x-1.0
2014-03-21,0.3931001741,35.5461934671,SPY:1.000:x-1.0
2014-03-20,-0.5846297135,35.4070084553,SPY:1.000:x-1.0
2014-03-19,0.5403353369,35.6152256469,SPY:1.000:x-1.0
2014-03-18,-0.7136305957,35.4238182393,SPY:1.000:x-1.0
2014-03-17,-0.8890881243,35.6784304350,SPY:1.000:x-1.0
2014-03-14,0.2778315404,35.9984887231,SPY:1.000:x-1.0
2014-03-13,1.1327545383,35.8987506711,SPY:1.000:x-1.0
2014-03-12,-0.0265123061,35.4966606368,SPY:1.000:x-1.0
2014-03-11,0.5043712172,35.5060741159,SPY:1.000:x-1.0
2014-03-10,0.0539555787,35.3278904050,SPY:1.000:x-1.0
2014-03-07,-0.0431458393,35.3088393165,SPY:1.000:x-1.0
2014-03-06,-0.2329512005,35.3240801873,SPY:1.000:x-1.0
2014-03-05,-0.0917036644,35.4065601944,SPY:1.000:x-1.0
2014-03-04,-1.3858051640,35.4390591102,SPY:1.000:x-1.0
2014-03-03,0.7027967416,35.9370769788,SPY:1.000:x-1.0
2014-02-28,-0.2751097695,35.6862750008,SPY:1.000:x-1.0
2014-02-27,-0.5655267448,35.7847222678,SPY:1.000:x-1.0
2014-02-26,-0.0061392379,35.9882454206,SPY:1.000:x-1.0
2014-02-25,0.0409450109,35.9904549603,SPY:1.000:x-1.0
2014-02-24,-0.5915473848,35.9757246959,SPY:1.000:x-1.0
2014-02-21,0.1222576920,36.1898045382,SPY:1.000:x-1.0
2014-02-20,-0.6236753648,36.1456137451,SPY:1.000:x-1.0
2014-02-19,0.7089884509,36.3724598166,SPY:1.000:x-1.0
2014-02-18,-0.1276315521,36.1163987207,SPY:1.000:x-1.0
2014-02-14,-0.5824705390,36.1625535491,SPY:1.000:x-1.0
2014-02-13,-0.5390527976,36.3744238518,SPY:1.000:x-1.0
2014-02-12,-0.0516632895,36.5715638901,SPY:1.000:x-1.0
2014-02-11,-1.1172591325,36.5904677294,SPY:1.000:x-1.0
2014-02-10,-0.1867450731,37.0038971497,SPY:1.000:x-1.0
2014-02-07,-1.2303043384,37.0731293922,SPY:1.000:x-1.0
2014-02-06,-1.2746750354,37.5349231806,SPY:1.000:x-1.0
2014-02-05,0.1189560315,38.0195488787,SPY:1.000:x-1.0
2014-02-04,-0.6672317908,37.9743760679,SPY:1.000:x-1.0
2014-02-03,2.2509685469,38.2294551461,SPY:1.000:x-1.0
2014-01-31,0.5519286738,37.3878660412,SPY:1.000:x-1.0
2014-01-30,-0.9791138624,37.1826443652,SPY:1.000:x-1.0
2014-01-29,0.9037366745,37.5503046029,SPY:1.000:x-1.0
2014-01-28,-0.5539116187,37.2139881440,SPY:1.000:x-1.0
2014-01-27,0.4624994626,37.4212689003,SPY:1.000:x-1.0
2014-01-24,2.0899434405,37.2489925102,SPY:1.000:x-1.0
2014-01-23,0.8161226902,36.4864464166,SPY:1.000:x-1.0
2014-01-22,-0.0650704403,36.1910827782,SPY:1.000:x-1.0
2014-01-21,-0.2935322130,36.2146478090,SPY:1.000:x-1.0
2014-01-17,0.4244551982,36.3212624144,SPY:1.000:x-1.0
2014-01-16,0.1298454522,36.1677465341,SPY:1.000:x-1.0
2014-01-15,-0.5329939644,36.1208452593,SPY:1.000:x-1.0
2014-01-14,-1.0578283663,36.3143988132,SPY:1.000:x-1.0
2014-01-13,1.3257623607,36.7026498545,SPY:1.000:x-1.0
2014-01-10,-0.2696029026,36.2224265571,SPY:1.000:x-1.0
2014-01-09,-0.0642099034,36.3203472675,SPY:1.000:x-1.0
2014-01-08,-0.0213987211,36.3436835116,SPY:1.000:x-1.0
2014-01-07,-0.5993268521,36.3514622597,SPY:1.000:x-1.0
2014-01-06,0.2816866064,36.5706399247,SPY:1.000:x-1.0
2014-01-03,0.0188244743,36.4679146934,SPY:1.000:x-1.0
2014-01-02,0.9584806213,36.4610510922,SPY:1.000:x-1.0
2013-12-31,-0.4939648648,36.1148968049,SPY:1.000:x-1.0
2013-12-30,0.0146086217,36.2941772887,SPY:1.000:x-1.0
2013-12-27,0.0053125083,36.2888759840,SPY:1.000:x-1.0
2013-12-26,-0.5218723989,36.2869482369,SPY:1.000:x-1.0
2013-12-24,-0.2254152386,36.4773132667,SPY:1.000:x-1.0
2013-12-23,-0.5434319465,36.5597244568,SPY:1.000:x-1.0
2013-12-20,-0.5852183490,36.7594872539,SPY:1.000:x-1.0
2013-12-19,0.1167888927,36.9758768700,SPY:1.000:x-1.0
2013-12-18,-1.6636618525,36.9327435278,SPY:1.000:x-1.0
2013-12-17,0.3095636504,37.5575745687,SPY:1.000:x-1.0
2013-12-16,-0.6013306039,37.4416687721,SPY:1.000:x-1.0
2013-12-13,0.0108763108,37.6681790607,SPY:1.000:x-1.0
2013-12-12,0.3215619825,37.6640825980,SPY:1.000:x-1.0
2013-12-11,1.1202263818,37.5433574335,SPY:1.000:x-1.0
2013-12-10,0.3595529038,37.1274459887,SPY:1.000:x-1.0
2013-12-09,-0.2540363187,36.9944314362,SPY:1.000:x-1.0
2013-12-06,-1.0924396748,37.0886500776,SPY:1.000:x-1.0
2013-12-05,0.4337078797,37.4982963442,SPY:1.000:x-1.0
2013-12-04,0.0109729806,37.3363655847,SPY:1.000:x-1.0
2013-12-03,0.4297854962,37.3322691220,SPY:1.000:x-1.0
2013-12-02,0.2593199189,37.1725070780,SPY:1.000:x-1.0
2013-11-29,0.0703904600,37.0763606896,SPY:1.000:x-1.0
2013-11-27,-0.2574339207,37.0502808265,SPY:1.000:x-1.0
2013-11-26,-0.0289013363,37.1459069912,SPY:1.000:x-1.0
2013-11-25,0.1053944024,37.1566457584,SPY:1.000:x-1.0
2013-11-22,-0.5242095742,37.1175259637,SPY:1.000:x-1.0
2013-11-21,-0.8317590617,37.3131249370,SPY:1.000:x-1.0
2013-11-20,0.3245115283,37.6260832944,SPY:1.000:x-1.0
2013-11-19,0.2261685947,37.5043772665,SPY:1.000:x-1.0
2013-11-18,0.3675890683,37.4197455539,SPY:1.000:x-1.0
2013-11-15,-0.4526276984,37.2826984301,SPY:1.000:x-1.0
2013-11-14,-0.5141440554,37.4522175403,SPY:1.000:x-1.0
2013-11-13,-0.8131121920,37.6457710342,SPY:1.000:x-1.0
2013-11-12,0.2065669385,37.9543827477,SPY:1.000:x-1.0
2013-11-11,-0.0168735362,37.8761431584,SPY:1.000:x-1.0
2013-11-08,-1.3365031165,37.8825352817,SPY:1.000:x-1.0
2013-11-07,1.2848788976,38.3956949412,SPY:1.000:x-1.0
2013-11-06,-0.5133263548,37.9086151448,SPY:1.000:x-1.0
2013-11-05,0.3204265173,38.1042141181,SPY:1.000:x-1.0
2013-11-04,-0.3535038470,37.9825080903,SPY:1.000:x-1.0
2013-11-01,-0.2388982574,38.1172540497,SPY:1.000:x-1.0
2013-10-31,0.3129994182,38.2085335706,SPY:1.000:x-1.0
2013-10-30,0.5539304625,38.0893142386,SPY:1.000:x-1.0
2013-10-29,-0.5882179719,37.8794882144,SPY:1.000:x-1.0
2013-10-28,-0.1749074020,38.1036205585,SPY:1.000:x-1.0
2013-10-25,-0.4979781065,38.1703833844,SPY:1.000:x-1.0
2013-10-24,-0.3592090116,38.3614148316,SPY:1.000:x-1.0
2013-10-23,0.5236905904,38.4997092567,SPY:1.000:x-1.0
2013-10-22,-0.6252274547,38.2991402629,SPY:1.000:x-1.0
2013-10-21,-0.0072780204,38.5401035715,SPY:1.000:x-1.0
2013-10-18,-0.7175218400,38.5429087322,SPY:1.000:x-1.0
2013-10-17,-0.7017241750,38.8214611949,SPY:1.000:x-1.0
2013-10-16,-1.4244792588,39.0958059165,SPY:1.000:x-1.0
2013-10-15,0.7510813719,39.6607652919,SPY:1.000:x-1.0
2013-10-14,-0.4101938130,39.3651013486,SPY:1.000:x-1.0
2013-10-11,-0.6535717307,39.5272396401,SPY:1.000:x-1.0
2013-10-10,-2.0949672467,39.7872780418,SPY:1.000:x-1.0
2013-10-09,-0.0703579287,40.6386443300,SPY:1.000:x-1.0
2013-10-08,1.1568921606,40.6672569697,SPY:1.000:x-1.0
2013-10-07,0.8734884638,40.2021613170,SPY:1.000:x-1.0
2013-10-04,-0.7544322897,39.8540408677,SPY:1.000:x-1.0
2013-10-03,0.9356469502,40.1569982289,SPY:1.000:x-1.0
2013-10-02,0.0959835134,39.7847533971,SPY:1.000:x-1.0
2013-10-01,-0.7918948061,39.7466032109,SPY:1.000:x-1.0
2013-09-30,0.5731604849,40.0638668920,SPY:1.000:x-1.0
2013-09-27,0.5006333313,39.8355452874,SPY:1.000:x-1.0
2013-09-26,-0.4144641999,39.6371087096,SPY:1.000:x-1.0
2013-09-25,0.3133285129,39.8020740574,SPY:1.000:x-1.0
2013-09-24,0.2567432869,39.6777523461,SPY:1.000:x-1.0
2013-09-23,0.5100336987,39.5761432550,SPY:1.000:x-1.0
2013-09-20,0.7809691360,39.3753158751,SPY:1.000:x-1.0
2013-09-19,0.1892894366,39.0701897518,SPY:1.000:x-1.0
2013-09-18,-1.2681214249,38.9963737356,SPY:1.000:x-1.0
2013-09-17,-0.4841612264,39.4972467843,SPY:1.000:x-1.0
2013-09-16,-0.6203418241,39.6894075065,SPY:1.000:x-1.0
2013-09-13,-0.2403738485,39.9371543784,SPY:1.000:x-1.0
2013-09-12,0.2852287445,40.0333841647,SPY:1.000:x-1.0
2013-09-11,-0.3342659952,39.9195222126,SPY:1.000:x-1.0
2013-09-10,-0.7744075338,40.0534071326,SPY:1.000:x-1.0
2013-09-09,-0.9881321517,40.3660045126,SPY:1.000:x-1.0
2013-09-06,-0.0498215947,40.7688546735,SPY:1.000:x-1.0
2013-09-05,-0.1302454908,40.7891764917,SPY:1.000:x-1.0
2013-09-04,-0.8344519827,40.8423718394,SPY:1.000:x-1.0
2013-09-03,-0.4521781842,41.1860496473,SPY:1.000:x-1.0
2013-08-30,0.3002162922,41.3731299149,SPY:1.000:x-1.0
2013-08-29,-0.1498831593,41.2492928174,SPY:1.000:x-1.0
2013-08-28,-0.3333967081,41.3112113662,SPY:1.000:x-1.0
2013-08-27,1.5577913704,41.4494023090,SPY:1.000:x-1.0
2013-08-26,0.3626573649,40.8136113928,SPY:1.000:x-1.0
2013-08-23,-0.3262924077,40.6661326676,SPY:1.000:x-1.0
2013-08-22,-0.8678050482,40.7992575474,SPY:1.000:x-1.0
2013-08-21,0.5936657311,41.1564149943,SPY:1.000:x-1.0
2013-08-20,-0.4696892930,40.9135254146,SPY:1.000:x-1.0
2013-08-19,0.6179515972,41.1065987074,SPY:1.000:x-1.0
2013-08-16,0.3213722943,40.8541398974,SPY:1.000:x-1.0
2013-08-15,1.3994884194,40.7232666012,SPY:1.000:x-1.0
2013-08-14,0.5184595552,40.1612150476,SPY:1.000:x-1.0
2013-08-13,-0.2963878607,39.9540693573,SPY:1.000:x-1.0
2013-08-12,0.1181326602,40.0728403916,SPY:1.000:x-1.0
2013-08-09,0.2919625667,40.0255571363,SPY:1.000:x-1.0
2013-08-08,-0.3681766124,39.9090376855,SPY:1.000:x-1.0
2013-08-07,0.3277925813,40.0565164106,SPY:1.000:x-1.0
2013-08-06,0.5821167495,39.9256431144,SPY:1.000:x-1.0
2013-08-05,0.1498302870,39.6945743485,SPY:1.000:x-1.0
2013-08-02,-0.1736714137,39.6351888313,SPY:1.000:x-1.0
2013-08-01,-1.1561017650,39.7041435788,SPY:1.000:x-1.0
2013-07-31,-0.0799701859,40.1685326942,SPY:1.000:x-1.0
2013-07-30,0.0015528433,40.2006812537,SPY:1.000:x-1.0
2013-07-29,0.3427965970,40.2000570099,SPY:1.000:x-1.0
2013-07-26,-0.1190578092,40.0627233575,SPY:1.000:x-1.0
2013-07-25,-0.2685188778,40.1104780139,SPY:1.000:x-1.0
2013-07-24,0.4083191123,40.2184722042,SPY:1.000:x-1.0
2013-07-23,0.2382328590,40.0549203091,SPY:1.000:x-1.0
2013-07-22,-0.2182282980,39.9597231183,SPY:1.000:x-1.0
2013-07-19,-0.1967968015,40.0471172607,SPY:1.000:x-1.0
2013-07-18,-0.6015293381,40.1260841108,SPY:1.000:x-1.0
2013-07-17,-0.2775700286,40.3689149778,SPY:1.000:x-1.0
2013-07-16,0.4126536806,40.4812788752,SPY:1.000:x-1.0
2013-07-15,-0.4209390178,40.3149178827,SPY:1.000:x-1.0
2013-07-12,-0.0454654039,40.4853364604,SPY:1.000:x-1.0
2013-07-11,-1.4445094212,40.5037516547,SPY:1.000:x-1.0
2013-07-10,-0.0394767808,41.0974075790,SPY:1.000:x-1.0
2013-07-09,-0.7556921779,41.1136379197,SPY:1.000:x-1.0
2013-07-08,-0.5857326902,41.4266962226,SPY:1.000:x-1.0
2013-07-05,-1.0905319307,41.6707755775,SPY:1.000:x-1.0
2013-07-03,-0.0436910818,42.1302190689,SPY:1.000:x-1.0
2013-07-02,0.0941354364,42.1486342631,SPY:1.000:x-1.0
2013-07-01,-0.5865534825,42.1089947771,SPY:1.000:x-1.0
2013-06-28,0.4027000353,42.3574438391,SPY:1.000:x-1.0
2013-06-27,-0.5694516074,42.1875545420,SPY:1.000:x-1.0
2013-06-26,-0.9394601652,42.4291681219,SPY:1.000:x-1.0
2013-06-25,-0.9014583656,42.8315535052,SPY:1.000:x-1.0
2013-06-24,1.2098438590,43.2211743975,SPY:1.000:x-1.0
2013-06-21,-0.3050857078,42.7045164280,SPY:1.000:x-1.0
2013-06-20,2.4778966961,42.8352005026,SPY:1.000:x-1.0
2013-06-19,1.4180056484,41.7994532320,SPY:1.000:x-1.0
2013-06-18,-0.7973489975,41.2150218935,SPY:1.000:x-1.0
2013-06-17,-0.7730387318,41.5462908269,SPY:1.000:x-1.0
2013-06-14,0.6362447680,41.8699618490,SPY:1.000:x-1.0
2013-06-13,-1.4895622702,41.6052506187,SPY:1.000:x-1.0
2013-06-12,0.8234662488,42.2343576757,SPY:1.000:x-1.0
2013-06-11,1.0498533724,41.8894125020,SPY:1.000:x-1.0
2013-06-10,0.0000000000,41.4542041418,SPY:1.000:x-1.0
2013-06-07,-1.2610212680,41.4542041418,SPY:1.000:x-1.0
2013-06-06,-0.8803966449,41.9836266023,SPY:1.000:x-1.0
2013-06-05,1.4005704141,42.3565320897,SPY:1.000:x-1.0
2013-06-04,0.4861857449,41.7714929183,SPY:1.000:x-1.0
2013-06-03,-0.5532935873,41.5693884773,SPY:1.000:x-1.0
2013-05-31,1.5534656914,41.8006688978,SPY:1.000:x-1.0
2013-05-30,-0.3962716542,41.1612431080,SPY:1.000:x-1.0
2013-05-29,0.7057453416,41.3250023785,SPY:1.000:x-1.0
2013-05-28,-0.6441161723,41.0353969759,SPY:1.000:x-1.0
2013-05-24,0.0926533606,41.3014261411,SPY:1.000:x-1.0
2013-05-23,0.3129090473,41.2631944048,SPY:1.000:x-1.0
2013-05-22,0.8144110941,41.1344808925,SPY:1.000:x-1.0
2013-05-21,-0.1574803150,40.8021833844,SPY:1.000:x-1.0
2013-05-20,0.0070169420,40.8665401405,SPY:1.000:x-1.0
2013-05-17,-1.0392876983,40.8636727603,SPY:1.000:x-1.0
2013-05-16,0.5055988089,41.2928240004,SPY:1.000:x-1.0
2013-05-15,-0.5736314572,41.0850982331,SPY:1.000:x-1.0
2013-05-14,-1.0852405756,41.3221349983,SPY:1.000:x-1.0
2013-05-13,-0.0830590100,41.7754996714,SPY:1.000:x-1.0
2013-05-10,-0.3379481610,41.8102268319,SPY:1.000:x-1.0
2013-05-09,0.2940033970,41.9520028540,SPY:1.000:x-1.0
2013-05-08,-0.4722773928,41.8290241022,SPY:1.000:x-1.0
2013-05-07,-0.5203462942,42.0275105333,SPY:1.000:x-1.0
2013-05-06,-0.2602482136,42.2473430171,SPY:1.000:x-1.0
2013-05-03,-1.0140568229,42.3575778568,SPY:1.000:x-1.0
2013-05-02,-0.9125851168,42.7915080639,SPY:1.000:x-1.0
2013-05-01,0.8766772592,43.1856135457,SPY:1.000:x-1.0
2013-04-30,-0.2468659595,42.8103053343,SPY:1.000:x-1.0
2013-04-29,-0.6834358743,42.9162509489,SPY:1.000:x-1.0
2013-04-26,0.1811469055,43.2115743499,SPY:1.000:x-1.0
2013-04-25,-0.4112552458,43.1334394591,SPY:1.000:x-1.0
2013-04-24,-0.0649330807,43.3115605237,SPY:1.000:x-1.0
2013-04-23,-1.0237565970,43.3397023276,SPY:1.000:x-1.0
2013-04-22,-0.4373715550,43.7879847098,SPY:1.000:x-1.0
2013-04-19,-0.8419984026,43.9803422164,SPY:1.000:x-1.0
2013-04-18,0.6135936913,44.3538005082,SPY:1.000:x-1.0
2013-04-17,1.4746789620,44.0833081107,SPY:1.000:x-1.0
2013-04-16,-1.4488073064,43.4426682219,SPY:1.000:x-1.0
2013-04-15,2.3830212619,44.0813216304,SPY:1.000:x-1.0
2013-04-12,0.2528581450,43.0553045682,SPY:1.000:x-1.0
2013-04-11,-0.3365218393,42.9467103132,SPY:1.000:x-1.0
2013-04-10,-1.2256203992,43.0917233733,SPY:1.000:x-1.0
2013-04-09,-0.3441104178,43.6264176474,SPY:1.000:x-1.0
2013-04-08,-0.6648636466,43.7770590683,SPY:1.000:x-1.0
2013-04-05,0.4459737849,44.0700649089,SPY:1.000:x-1.0
2013-04-04,-0.3983494803,43.8743966018,SPY:1.000:x-1.0
2013-04-03,1.0158604824,44.0498690261,SPY:1.000:x-1.0
2013-04-02,-0.4895775882,43.6068839247,SPY:1.000:x-1.0
2013-04-01,0.3951819657,43.8214237944,SPY:1.000:x-1.0
2013-03-28,-0.3295322925,43.6489310905,SPY:1.000:x-1.0
2013-03-27,0.0000000000,43.7932439713,SPY:1.000:x-1.0
2013-03-26,-0.8435713073,43.7932439713,SPY:1.000:x-1.0
2013-03-25,0.4443758429,44.1658141068,SPY:1.000:x-1.0
2013-03-22,-0.8409995328,43.9704201815,SPY:1.000:x-1.0
2013-03-21,0.9104358712,44.3433475270,SPY:1.000:x-1.0
2013-03-20,-0.7334963325,43.9432722138,SPY:1.000:x-1.0
2013-03-19,0.2450980392,44.2679761957,SPY:1.000:x-1.0
2013-03-18,0.5882783704,44.1597415350,SPY:1.000:x-1.0
2013-03-15,0.1417780928,43.9014786320,SPY:1.000:x-1.0
2013-03-14,-0.5598859162,43.8393240744,SPY:1.000:x-1.0
2013-03-13,-0.1529039617,44.0861562542,SPY:1.000:x-1.0
2013-03-12,0.2384176851,44.1536689633,SPY:1.000:x-1.0
2013-03-11,-0.3998126131,44.0486491936,SPY:1.000:x-1.0
2013-03-08,-0.4470747162,44.2254681936,SPY:1.000:x-1.0
2013-03-07,-0.1854006983,44.4240770098,SPY:1.000:x-1.0
2013-03-06,-0.1410584190,44.5065925432,SPY:1.000:x-1.0
2013-03-05,-0.9116972022,44.5694615210,SPY:1.000:x-1.0
2013-03-04,-0.5355577146,44.9795387170,SPY:1.000:x-1.0
2013-03-01,-0.3298797002,45.2217271655,SPY:1.000:x-1.0
2013-02-28,0.2031352428,45.3713981979,SPY:1.000:x-1.0
2013-02-27,-1.2649225704,45.2794197387,SPY:1.000:x-1.0
2013-02-26,-0.6785660431,45.8595069933,SPY:1.000:x-1.0
2013-02-25,1.9590548632,46.1728200715,SPY:1.000:x-1.0
2013-02-22,-0.9862912724,45.2856493554,SPY:1.000:x-1.0
2013-02-21,0.6207624898,45.7367468984,SPY:1.000:x-1.0
2013-02-20,1.3075792225,45.4545819040,SPY:1.000:x-1.0
2013-02-19,-0.7739373556,44.8678985846,SPY:1.000:x-1.0
2013-02-15,0.1217087914,45.2178564672,SPY:1.000:x-1.0
2013-02-14,-0.0940329602,45.1628892605,SPY:1.000:x-1.0
2013-02-13,-0.0890897458,45.2053972337,SPY:1.000:x-1.0
2013-02-12,-0.1689844761,45.2457065186,SPY:1.000:x-1.0
2013-02-11,0.0202175407,45.3222941599,SPY:1.000:x-1.0
2013-02-08,-0.5661029761,45.3131329588,SPY:1.000:x-1.0
2013-02-07,0.1352755031,45.5711123822,SPY:1.000:x-1.0
2013-02-06,-0.0748286183,45.5095491107,SPY:1.000:x-1.0
2013-02-05,-1.0107285370,45.5436287789,SPY:1.000:x-1.0
2013-02-04,1.1512680868,46.0086513475,SPY:1.000:x-1.0
2013-02-01,-1.0293824503,45.4849970917,SPY:1.000:x-1.0
2013-01-31,0.2746011640,45.9580815173,SPY:1.000:x-1.0
2013-01-30,0.4404071319,45.8322256921,SPY:1.000:x-1.0
2013-01-29,-0.4384760521,45.6312623583,SPY:1.000:x-1.0
2013-01-28,0.1339364910,45.8322256921,SPY:1.000:x-1.0
2013-01-25,-0.6196944721,45.7709217256,SPY:1.000:x-1.0
2013-01-24,-0.0299620187,46.0563302583,SPY:1.000:x-1.0
2013-01-23,-0.1768152149,46.0701338004,SPY:1.000:x-1.0
2013-01-22,-0.5859306678,46.1517370936,SPY:1.000:x-1.0
2013-01-18,-0.2416575791,46.4237480706,SPY:1.000:x-1.0
2013-01-17,-0.6896491973,46.5362063403,SPY:1.000:x-1.0
2013-01-16,0.0147308585,46.8593716205,SPY:1.000:x-1.0
2013-01-15,-0.0727348296,46.8524698494,SPY:1.000:x-1.0
2013-01-14,0.0727877717,46.8865727182,SPY:1.000:x-1.0
2013-01-11,0.0069326493,46.8524698494,SPY:1.000:x-1.0
2013-01-10,-0.8344290048,46.8492219572,SPY:1.000:x-1.0
2013-01-09,-0.2665455356,47.2434348807,SPY:1.000:x-1.0
2013-01-08,0.3025978715,47.3696966924,SPY:1.000:x-1.0
2013-01-07,0.2896801448,47.2267894328,SPY:1.000:x-1.0
2013-01-04,-0.4574204234,47.0903779578,SPY:1.000:x-1.0
2013-01-03,0.2348387097,47.3067687798,SPY:1.000:x-1.0
2013-01-02,-2.5631139572,47.1959344563,SPY:1.000:x-1.0
2012-12-31,-1.6728468598,48.4374412741,SPY:1.000:x-1.0
2012-12-28,1.0880719162,49.2615109125,SPY:1.000:x-1.0
2012-12-27,0.1341746138,48.7312795454,SPY:1.000:x-1.0
2012-12-26,0.4289832330,48.6659821518,SPY:1.000:x-1.0
2012-12-24,0.3148366785,48.4581050063,SPY:1.000:x-1.0
2012-12-21,0.9465411521,48.3060199376,SPY:1.000:x-1.0
2012-12-20,-0.5923763736,47.8530709287,SPY:1.000:x-1.0
2012-12-19,0.7769375854,48.1382304325,SPY:1.000:x-1.0
2012-12-18,-1.1384533799,47.7671098029,SPY:1.000:x-1.0
2012-12-17,-1.1707721179,48.3171783530,SPY:1.000:x-1.0
2012-12-14,0.3707757443,48.8895637337,SPY:1.000:x-1.0
2012-12-13,0.6249519760,48.7089627147,SPY:1.000:x-1.0
2012-12-12,-0.0494935445,48.4064456759,SPY:1.000:x-1.0
2012-12-11,-0.6822496440,48.4304156052,SPY:1.000:x-1.0
2012-12-10,-0.0406641816,48.7631016929,SPY:1.000:x-1.0
2012-12-07,-0.3057380787,48.7829388758,SPY:1.000:x-1.0
2012-12-06,-0.3358557588,48.9325442966,SPY:1.000:x-1.0
2012-12-05,-0.1747766976,49.0974408792,SPY:1.000:x-1.0
2012-12-04,0.1396800821,49.1834020050,SPY:1.000:x-1.0
2012-12-03,0.4963807333,49.1147984142,SPY:1.000:x-1.0
2012-11-30,-0.0247979820,48.8722061987,SPY:1.000:x-1.0
2012-11-29,-0.4672579025,48.8843285257,SPY:1.000:x-1.0
2012-11-28,-0.7936910009,49.1138167155,SPY:1.000:x-1.0
2012-11-27,0.5083379302,49.5067473138,SPY:1.000:x-1.0
2012-11-26,0.2117599034,49.2563585602,SPY:1.000:x-1.0
2012-11-23,-1.3258815434,49.1522737528,SPY:1.000:x-1.0
2012-11-21,-0.1817679234,49.8127315669,SPY:1.000:x-1.0
2012-11-20,-0.0418644763,49.9034400135,SPY:1.000:x-1.0
2012-11-19,-1.8861569552,49.9243405772,SPY:1.000:x-1.0
2012-11-16,-0.4554895900,50.8840944641,SPY:1.000:x-1.0
2012-11-15,0.1564355625,51.1169267441,SPY:1.000:x-1.0
2012-11-14,1.2841464325,51.0370865906,SPY:1.000:x-1.0
2012-11-13,0.3287502497,50.3900051373,SPY:1.000:x-1.0
2012-11-12,-0.0723558912,50.2248906838,SPY:1.000:x-1.0
2012-11-09,-0.0830985798,50.2612576647,SPY:1.000:x-1.0
2012-11-08,1.1745220360,50.3030587922,SPY:1.000:x-1.0
2012-11-07,2.3192195861,49.7190970413,SPY:1.000:x-1.0
2012-11-06,-0.7894444871,48.5921386446,SPY:1.000:x-1.0
2012-11-05,-0.2044101490,48.9787990738,SPY:1.000:x-1.0
2012-11-02,0.9075673585,49.0791217797,SPY:1.000:x-1.0
2012-11-01,-1.0468933376,48.6377018736,SPY:1.000:x-1.0
2012-10-31,0.0000000000,49.1522737528,SPY:1.000:x-1.0
2012-10-26,0.0549725547,49.1522737528,SPY:1.000:x-1.0
2012-10-25,-0.2790050728,49.1252683377,SPY:1.000:x-1.0
2012-10-24,0.2723812024,49.2627138083,SPY:1.000:x-1.0
2012-10-23,1.3773371482,49.1288959308,SPY:1.000:x-1.0
2012-10-22,-0.0141373317,48.4614188070,SPY:1.000:x-1.0
2012-10-19,1.7102692278,48.4682709273,SPY:1.000:x-1.0
2012-10-18,0.2679987448,47.6532716856,SPY:1.000:x-1.0
2012-10-17,-0.4634475772,47.5259028624,SPY:1.000:x-1.0
2012-10-16,-1.0152496344,47.7471860393,SPY:1.000:x-1.0
2012-10-15,-0.8204533212,48.2369111030,SPY:1.000:x-1.0
2012-10-12,0.3250910421,48.6359463400,SPY:1.000:x-1.0
2012-10-11,-0.0548446069,48.4783475747,SPY:1.000:x-1.0
2012-10-10,0.6397658373,48.5049499238,SPY:1.000:x-1.0
2012-10-09,1.0137275607,48.1966045134,SPY:1.000:x-1.0
2012-10-08,0.3509634540,47.7129254382,SPY:1.000:x-1.0
2012-10-05,-0.0110193772,47.5460561572,SPY:1.000:x-1.0
2012-10-04,-0.7245340178,47.5512960139,SPY:1.000:x-1.0
2012-10-03,-0.4106432013,47.8983357503,SPY:1.000:x-1.0
2012-10-02,-0.1079913607,48.0958380394,SPY:1.000:x-1.0
2012-10-01,-0.2605079906,48.1478335400,SPY:1.000:x-1.0
2012-09-28,0.4916802754,48.2735900995,SPY:1.000:x-1.0
2012-09-27,-0.9781126534,48.0373996805,SPY:1.000:x-1.0
2012-09-26,0.5890938506,48.5119007198,SPY:1.000:x-1.0
2012-09-25,1.1427402645,48.2277937525,SPY:1.000:x-1.0
2012-09-24,0.1665746201,47.6829020318,SPY:1.000:x-1.0
2012-09-21,0.0454500896,47.6036065051,SPY:1.000:x-1.0
2012-09-20,-0.0080199608,47.5819804523,SPY:1.000:x-1.0
2012-09-19,-0.0587784764,47.5857968146,SPY:1.000:x-1.0
2012-09-18,0.0882455186,47.6137834711,SPY:1.000:x-1.0
2012-09-17,0.3703935655,47.5718034864,SPY:1.000:x-1.0
2012-09-14,-0.4790269876,47.3962508230,SPY:1.000:x-1.0
2012-09-13,-1.5946587693,47.6243844773,SPY:1.000:x-1.0
2012-09-12,-0.3466401229,48.3961377317,SPY:1.000:x-1.0
2012-09-11,-0.2881794200,48.5644817108,SPY:1.000:x-1.0
2012-09-10,0.5937940638,48.7048390334,SPY:1.000:x-1.0
2012-09-07,-0.4038589023,48.4173397441,SPY:1.000:x-1.0
2012-09-06,-2.0228867371,48.6136703797,SPY:1.000:x-1.0
2012-09-05,0.0855351507,49.6173736506,SPY:1.000:x-1.0
2012-09-04,0.0916064518,49.5749696257,SPY:1.000:x-1.0
2012-08-31,-0.4961934617,49.5295973189,SPY:1.000:x-1.0
2012-08-30,0.7616916051,49.7765854816,SPY:1.000:x-1.0
2012-08-29,-0.0820581260,49.4003074865,SPY:1.000:x-1.0
2012-08-28,0.1047110967,49.4408777443,SPY:1.000:x-1.0
2012-08-27,-0.0225619551,49.3891618113,SPY:1.000:x-1.0
2012-08-24,-0.6268777185,49.4003074865,SPY:1.000:x-1.0
2012-08-23,0.8638625057,49.7119405654,SPY:1.000:x-1.0
2012-08-22,-0.0443041980,49.2861757724,SPY:1.000:x-1.0
2012-08-21,0.3229229974,49.3080212958,SPY:1.000:x-1.0
2012-08-20,-0.0081631172,49.1493068808,SPY:1.000:x-1.0
2012-08-17,-0.1421985527,49.1533193239,SPY:1.000:x-1.0
2012-08-16,-0.7737934753,49.2233141642,SPY:1.000:x-1.0
2012-08-15,-0.1184897937,49.6071712184,SPY:1.000:x-1.0
2012-08-14,-0.0143603367,49.6660203835,SPY:1.000:x-1.0
2012-08-13,0.0511848852,49.6731536156,SPY:1.000:x-1.0
2012-08-10,-0.1703256806,49.6477414762,SPY:1.000:x-1.0
2012-08-09,-0.0886699507,49.7324486077,SPY:1.000:x-1.0
2012-08-08,-0.1261282214,49.7765854816,SPY:1.000:x-1.0
2012-08-07,-0.5152620806,49.8394470897,SPY:1.000:x-1.0
2012-08-06,-0.1989448816,50.0975809276,SPY:1.000:x-1.0
2012-08-03,-1.9523494375,50.1974461774,SPY:1.000:x-1.0
2012-08-02,0.6891714160,51.1969903301,SPY:1.000:x-1.0
2012-08-01,0.0877577885,50.8465703016,SPY:1.000:x-1.0
2012-07-31,0.7258575437,50.8019876008,SPY:1.000:x-1.0
2012-07-30,-0.0036201061,50.4358948532,SPY:1.000:x-1.0
2012-07-27,-1.8415699095,50.4377207522,SPY:1.000:x-1.0
2012-07-26,-1.5979719393,51.3839929038,SPY:1.000:x-1.0
2012-07-25,-0.0253443334,52.2184287423,SPY:1.000:x-1.0
2012-07-24,0.8496386392,52.2316665100,SPY:1.000:x-1.0
2012-07-23,1.0158566227,51.7916248534,SPY:1.000:x-1.0
2012-07-20,0.9373090334,51.2707871665,SPY:1.000:x-1.0
2012-07-19,-0.2670873142,50.7946840048,SPY:1.000:x-1.0
2012-07-18,-0.7437060760,50.9307134796,SPY:1.000:x-1.0
2012-07-17,-0.6794546692,51.3123263685,SPY:1.000:x-1.0
2012-07-16,0.2346918894,51.6633554493,SPY:1.000:x-1.0
2012-07-13,-1.6154328733,51.5423896412,SPY:1.000:x-1.0
2012-07-12,0.4709796026,52.3886938231,SPY:1.000:x-1.0
2012-07-11,-0.0148800406,52.1431104090,SPY:1.000:x-1.0
2012-07-10,0.8625408316,52.1508704797,SPY:1.000:x-1.0
2012-07-09,0.1246364769,51.7048946513,SPY:1.000:x-1.0
2012-07-06,0.9593588805,51.6405317119,SPY:1.000:x-1.0
2012-07-05,0.4617219089,51.1498213584,SPY:1.000:x-1.0
2012-07-03,-0.6643808167,50.9147368634,SPY:1.000:x-1.0
2012-07-02,-0.2983457792,51.2552670250,SPY:1.000:x-1.0
2012-06-29,-2.5738467890,51.4086425402,SPY:1.000:x-1.0
2012-06-28,0.2983389017,52.7667785763,SPY:1.000:x-1.0
2012-06-27,-0.9203483710,52.6098230081,SPY:1.000:x-1.0
2012-06-26,-0.5065498942,53.0985143197,SPY:1.000:x-1.0
2012-06-25,1.6704868087,53.3688541941,SPY:1.000:x-1.0
2012-06-22,-0.7898110630,52.4919825500,SPY:1.000:x-1.0
2012-06-21,2.4102505127,52.9098705611,SPY:1.000:x-1.0
2012-06-20,0.1747244729,51.6646237034,SPY:1.000:x-1.0
2012-06-19,-1.0214844307,51.5745104119,SPY:1.000:x-1.0
2012-06-18,-0.2048267033,52.1067729853,SPY:1.000:x-1.0
2012-06-15,-1.0536883785,52.2137206279,SPY:1.000:x-1.0
2012-06-14,-1.0702583286,52.7697493441,SPY:1.000:x-1.0
2012-06-13,0.6540161262,53.3406318996,SPY:1.000:x-1.0
2012-06-12,-1.1443613189,52.9940423169,SPY:1.000:x-1.0
2012-06-11,1.2976806414,53.6075058782,SPY:1.000:x-1.0
2012-06-08,-0.8018784746,52.9207633766,SPY:1.000:x-1.0
2012-06-07,-0.0612171074,53.3485539472,SPY:1.000:x-1.0
2012-06-06,-2.1660617060,53.3812323935,SPY:1.000:x-1.0
2012-06-05,-0.7198263047,54.5631028704,SPY:1.000:x-1.0
2012-06-04,0.0441640379,54.9587101226,SPY:1.000:x-1.0
2012-06-01,2.5179025179,54.9344488518,SPY:1.000:x-1.0
2012-05-31,0.1961975438,53.5852251193,SPY:1.000:x-1.0
2012-05-30,1.3284089869,53.4802980880,SPY:1.000:x-1.0
2012-05-29,-1.0836295419,52.7791747869,SPY:1.000:x-1.0
2012-05-25,0.2921225925,53.3573710221,SPY:1.000:x-1.0
2012-05-24,-0.1762825793,53.2019560887,SPY:1.000:x-1.0
2012-05-23,-0.0477547055,53.2959074891,SPY:1.000:x-1.0
2012-05-22,-0.1553726889,53.3213709528,SPY:1.000:x-1.0
2012-05-21,-1.4868925080,53.4043467223,SPY:1.000:x-1.0
2012-05-18,0.7523030100,54.2103970547,SPY:1.000:x-1.0
2012-05-17,1.3403783820,53.8056157875,SPY:1.000:x-1.0
2012-05-16,0.3493341078,53.0939558808,SPY:1.000:x-1.0
2012-05-15,0.5280192189,52.9091262566,SPY:1.000:x-1.0
2012-05-14,1.0409028463,52.6312232826,SPY:1.000:x-1.0
2012-05-11,0.2856925509,52.0890271167,SPY:1.000:x-1.0
2012-05-10,-0.1948709296,51.9406365871,SPY:1.000:x-1.0
2012-05-09,0.5658632596,52.0420514165,SPY:1.000:x-1.0
2012-05-08,0.3857945835,51.7492215844,SPY:1.000:x-1.0
2012-05-07,-0.0706364944,51.5503431528,SPY:1.000:x-1.0
2012-05-04,1.6022481626,51.5867822473,SPY:1.000:x-1.0
2012-05-03,0.7711410273,50.7732684859,SPY:1.000:x-1.0
2012-05-02,0.2980144026,50.3847311525,SPY:1.000:x-1.0
2012-05-01,-0.6218516589,50.2350235472,SPY:1.000:x-1.0
2012-04-30,0.3681403750,50.5493656158,SPY:1.000:x-1.0
2012-04-27,-0.1623028107,50.3639555609,SPY:1.000:x-1.0
2012-04-26,-0.6814615175,50.4458305618,SPY:1.000:x-1.0
2012-04-25,-1.3022433604,50.7919582110,SPY:1.000:x-1.0
2012-04-24,-0.3589911343,51.4621202551,SPY:1.000:x-1.0
2012-04-23,0.8066357203,51.6475303100,SPY:1.000:x-1.0
2012-04-20,-0.1595502203,51.2342564961,SPY:1.000:x-1.0
2012-04-19,0.6226375027,51.3161314970,SPY:1.000:x-1.0
2012-04-18,0.3306714847,50.9985951179,SPY:1.000:x-1.0
2012-04-17,-1.4049357612,50.8305131056,SPY:1.000:x-1.0
2012-04-16,0.0622188590,51.5548252826,SPY:1.000:x-1.0
2012-04-13,1.1549877952,51.5227684039,SPY:1.000:x-1.0
2012-04-12,-1.2381248373,50.9344813606,SPY:1.000:x-1.0
2012-04-11,-0.7544432959,51.5730197272,SPY:1.000:x-1.0
2012-04-10,1.6180133168,51.9650666890,SPY:1.000:x-1.0
2012-04-09,1.1066002021,51.1376526591,SPY:1.000:x-1.0
2012-04-05,0.0497017893,50.5779568860,SPY:1.000:x-1.0
2012-04-04,0.9970227792,50.5528312243,SPY:1.000:x-1.0
2012-04-03,0.4154137625,50.0537836000,SPY:1.000:x-1.0
2012-04-02,-0.7315768587,49.8467134920,SPY:1.000:x-1.0
2012-03-30,-0.4378572475,50.2140679932,SPY:1.000:x-1.0
2012-03-29,0.1817013857,50.4349008619,SPY:1.000:x-1.0
2012-03-28,0.5313947266,50.3434261590,SPY:1.000:x-1.0
2012-03-27,0.3350859005,50.0773179322,SPY:1.000:x-1.0
2012-03-26,-1.4711113138,49.9100763036,SPY:1.000:x-1.0
2012-03-23,-0.3372236766,50.6552717372,SPY:1.000:x-1.0
2012-03-22,0.7620164127,50.8266713068,SPY:1.000:x-1.0
2012-03-21,0.1734024497,50.4422927571,SPY:1.000:x-1.0
2012-03-20,0.3110706167,50.3549759952,SPY:1.000:x-1.0
2012-03-19,-0.4151773440,50.1988222094,SPY:1.000:x-1.0
2012-03-16,-0.1464262835,50.4081052419,SPY:1.000:x-1.0
2012-03-15,-0.6030946122,50.4820241937,SPY:1.000:x-1.0
2012-03-14,0.1129233487,50.7883258506,SPY:1.000:x-1.0
2012-03-13,-1.8186207452,50.7310386629,SPY:1.000:x-1.0
2012-03-12,-0.0071523724,51.6707333385,SPY:1.000:x-1.0
2012-03-09,-0.3874035944,51.6744292861,SPY:1.000:x-1.0
2012-03-08,-0.9753774517,51.8753964365,SPY:1.000:x-1.0
2012-03-07,-0.6753501572,52.3863611913,SPY:1.000:x-1.0
2012-03-06,1.4574798041,52.7425581407,SPY:1.000:x-1.0
2012-03-05,0.4104833888,51.9848888840,SPY:1.000:x-1.0
2012-03-02,0.3070175439,51.7723718973,SPY:1.000:x-1.0
2012-03-01,-0.5182454453,51.6139081443,SPY:1.000:x-1.0
2012-02-29,0.4311522104,51.8827883317,SPY:1.000:x-1.0
2012-02-28,-0.3179603862,51.6600548633,SPY:1.000:x-1.0
2012-02-27,-0.1834381551,51.8248373162,SPY:1.000:x-1.0
2012-02-24,-0.2372261007,51.9200785504,SPY:1.000:x-1.0
2012-02-23,-0.4731709197,52.0435394096,SPY:1.000:x-1.0
2012-02-22,0.3471651404,52.2909650499,SPY:1.000:x-1.0
2012-02-21,-0.0473622146,52.1100570970,SPY:1.000:x-1.0
2012-02-17,-0.2852902057,52.1347492688,SPY:1.000:x-1.0
2012-02-16,-1.1621925429,52.2839101436,SPY:1.000:x-1.0
2012-02-15,0.4939784411,52.8986948302,SPY:1.000:x-1.0
2012-02-14,0.1332451423,52.6386711431,SPY:1.000:x-1.0
2012-02-13,-0.7780324719,52.5686260026,SPY:1.000:x-1.0
2012-02-10,0.7841332835,52.9808340958,SPY:1.000:x-1.0
2012-02-09,-0.1330678359,52.5686260026,SPY:1.000:x-1.0
2012-02-08,-0.3130189147,52.6386711431,SPY:1.000:x-1.0
2012-02-07,-0.2655498977,52.8039575179,SPY:1.000:x-1.0
2012-02-06,0.0704822318,52.9445517208,SPY:1.000:x-1.0
2012-02-03,-1.4307843966,52.9072615021,SPY:1.000:x-1.0
2012-02-02,-0.1612192676,53.6752384385,SPY:1.000:x-1.0
2012-02-01,-0.8761497724,53.7619130009,SPY:1.000:x-1.0
2012-01-31,0.0418158268,54.2371113283,SPY:1.000:x-1.0
2012-01-30,0.3777641278,54.2144411115,SPY:1.000:x-1.0
2012-01-27,0.0501889769,54.0104091605,SPY:1.000:x-1.0
2012-01-26,0.5737890681,53.9833154868,SPY:1.000:x-1.0
2012-01-25,-0.9196223526,53.6753322977,SPY:1.000:x-1.0
2012-01-24,0.1257000368,54.1735241349,SPY:1.000:x-1.0
2012-01-23,-0.0592380758,54.1055134845,SPY:1.000:x-1.0
2012-01-20,-0.0663434550,54.1375835473,SPY:1.000:x-1.0
2012-01-19,-0.5743802072,54.1735241349,SPY:1.000:x-1.0
2012-01-18,-1.1753733214,54.4864837130,SPY:1.000:x-1.0
2012-01-17,-0.4085016280,55.1345201537,SPY:1.000:x-1.0
2012-01-13,0.5513542828,55.3606693895,SPY:1.000:x-1.0
2012-01-12,-0.2544401815,55.0571096574,SPY:1.000:x-1.0
2012-01-11,-0.0580667768,55.1975544151,SPY:1.000:x-1.0
2012-01-10,-0.9028225606,55.2296244778,SPY:1.000:x-1.0
2012-01-09,-0.2513632000,55.7327927040,SPY:1.000:x-1.0
2012-01-06,0.2689078966,55.8732374617,SPY:1.000:x-1.0
2012-01-05,-0.2760818152,55.7233928580,SPY:1.000:x-1.0
2012-01-04,-0.1659669054,55.8776609186,SPY:1.000:x-1.0
2012-01-03,-1.5895391795,55.9705535142,SPY:1.000:x-1.0
2011-12-30,0.5068646232,56.8745975250,SPY:1.000:x-1.0
2011-12-29,-1.0436310858,56.5877741170,SPY:1.000:x-1.0
2011-12-28,1.3610752494,57.1845700665,SPY:1.000:x-1.0
2011-12-27,-0.0819975401,56.4166963755,SPY:1.000:x-1.0
2011-12-23,-0.9086405073,56.4629946422,SPY:1.000:x-1.0
2011-12-22,-0.8858596374,56.9807447706,SPY:1.000:x-1.0
2011-12-21,-0.1931012851,57.4900257038,SPY:1.000:x-1.0
2011-12-20,-2.8408982686,57.6012544664,SPY:1.000:x-1.0
2011-12-19,1.0246591685,59.2854950693,SPY:1.000:x-1.0
2011-12-16,-0.1373943121,58.6841822158,SPY:1.000:x-1.0
2011-12-15,-0.3475579981,58.7649218759,SPY:1.000:x-1.0
2011-12-14,1.0321544653,58.9698763978,SPY:1.000:x-1.0
2011-12-13,0.9225722682,58.3674343183,SPY:1.000:x-1.0
2011-12-12,1.4851583244,57.8338750257,SPY:1.000:x-1.0
2011-12-09,-1.6669427043,56.9875201266,SPY:1.000:x-1.0
2011-12-08,2.2554518375,57.9535729834,SPY:1.000:x-1.0
2011-12-07,-0.3791149353,56.6752891332,SPY:1.000:x-1.0
2011-12-06,-0.0327400441,56.8909713023,SPY:1.000:x-1.0
2011-12-05,-1.0873191890,56.9096035315,SPY:1.000:x-1.0
2011-12-02,0.0883982242,57.5351947444,SPY:1.000:x-1.0
2011-12-01,0.0157177099,57.4843795737,SPY:1.000:x-1.0
2011-11-30,-3.7721165296,57.4753457656,SPY:1.000:x-1.0
2011-11-29,-0.2590528206,59.7283694630,SPY:1.000:x-1.0
2011-11-28,-2.5028949696,59.8834993571,SPY:1.000:x-1.0
2011-11-25,0.1643940709,61.4207974057,SPY:1.000:x-1.0
2011-11-23,1.9953237511,61.3199909763,SPY:1.000:x-1.0
2011-11-22,0.3580510059,60.1203944662,SPY:1.000:x-1.0
2011-11-21,1.7967263038,59.9059007859,SPY:1.000:x-1.0
2011-11-18,0.0981167303,58.8485533485,SPY:1.000:x-1.0
2011-11-17,1.5555921021,58.7908696694,SPY:1.000:x-1.0
2011-11-16,1.6041361550,57.8903322333,SPY:1.000:x-1.0
2011-11-15,-0.4968458115,56.9763539400,SPY:1.000:x-1.0
2011-11-14,0.9647667575,57.2608520852,SPY:1.000:x-1.0
2011-11-11,-1.8464133058,56.7136971878,SPY:1.000:x-1.0
2011-11-10,-0.9066723014,57.7805652324,SPY:1.000:x-1.0
2011-11-09,3.8324989529,58.3092389511,SPY:1.000:x-1.0
2011-11-08,-1.2983177975,56.1570216832,SPY:1.000:x-1.0
2011-11-07,-0.6211605431,56.8957087965,SPY:1.000:x-1.0
2011-11-04,0.6171199102,57.2513314780,SPY:1.000:x-1.0
2011-11-03,-1.7797413043,56.9001890822,SPY:1.000:x-1.0
2011-11-02,-1.5410095088,57.9312148408,SPY:1.000:x-1.0
2011-11-01,2.7873439518,58.8379126698,SPY:1.000:x-1.0
2011-10-31,3.1720497675,57.2423709065,SPY:1.000:x-1.0
2011-10-28,0.0314287510,55.4824402883,SPY:1.000:x-1.0
2011-10-27,-4.2457145609,55.4650083290,SPY:1.000:x-1.0
2011-10-26,-1.2106076822,57.9243091571,SPY:1.000:x-1.0
2011-10-25,2.4213782855,58.6341385427,SPY:1.000:x-1.0
2011-10-24,-1.4854811615,57.2479491335,SPY:1.000:x-1.0
2011-10-21,-2.2083499566,58.1111797616,SPY:1.000:x-1.0
2011-10-20,-0.5031931164,59.4234576631,SPY:1.000:x-1.0
2011-10-19,1.3980964106,59.7239846427,SPY:1.000:x-1.0
2011-10-18,-2.2156367930,58.9004988819,SPY:1.000:x-1.0
2011-10-17,2.2549448989,60.2350896914,SPY:1.000:x-1.0
2011-10-14,-1.9464240117,58.9067743873,SPY:1.000:x-1.0
2011-10-13,0.2268417808,60.0761102220,SPY:1.000:x-1.0
2011-10-12,-0.9848188164,59.9401409389,SPY:1.000:x-1.0
2011-10-11,-0.1127525427,60.5363139494,SPY:1.000:x-1.0
2011-10-10,-3.4995780965,60.6046472301,SPY:1.000:x-1.0
2011-10-07,0.7111548439,62.8024686677,SPY:1.000:x-1.0
2011-10-06,-1.8503479005,62.3589996213,SPY:1.000:x-1.0
2011-10-05,-1.8251950179,63.5346109613,SPY:1.000:x-1.0
2011-10-04,-2.0712213136,64.7158005283,SPY:1.000:x-1.0
2011-10-03,2.8452681953,66.0845579782,SPY:1.000:x-1.0
2011-09-30,2.2812219314,64.2562940793,SPY:1.000:x-1.0
2011-09-29,-0.7067646100,62.8231584116,SPY:1.000:x-1.0
2011-09-28,1.9066326580,63.2703307178,SPY:1.000:x-1.0
2011-09-27,-1.0243166386,62.0865679372,SPY:1.000:x-1.0
2011-09-26,-2.0826821992,62.7291126756,SPY:1.000:x-1.0
2011-09-23,-0.5219570563,64.0633486338,SPY:1.000:x-1.0
2011-09-22,2.9795862925,64.3994862967,SPY:1.000:x-1.0
2011-09-21,2.8776762988,62.5361672301,SPY:1.000:x-1.0
2011-09-20,0.1139191174,60.7869165400,SPY:1.000:x-1.0
2011-09-19,0.9951052127,60.7177474180,SPY:1.000:x-1.0
2011-09-16,-0.5849420075,60.1194951876,SPY:1.000:x-1.0
2011-09-15,-1.6469798790,60.4732285044,SPY:1.000:x-1.0
2011-09-14,-1.2867969374,61.4858887200,SPY:1.000:x-1.0
2011-09-13,-0.8374788698,62.2874010896,SPY:1.000:x-1.0
2011-09-12,-0.5829139938,62.8134504647,SPY:1.000:x-1.0
2011-09-09,2.4880910200,63.1817457019,SPY:1.000:x-1.0
2011-09-08,1.0060442182,61.6478900846,SPY:1.000:x-1.0
2011-09-07,-2.5884859342,61.0338624404,SPY:1.000:x-1.0
2011-09-06,0.6785675984,62.6556963268,SPY:1.000:x-1.0
2011-09-02,2.5023734573,62.2334006347,SPY:1.000:x-1.0
2011-09-01,1.0471785758,60.7141069379,SPY:1.000:x-1.0
2011-08-31,-0.3937398074,60.0849106266,SPY:1.000:x-1.0
2011-08-30,-0.2337141676,60.3224240227,SPY:1.000:x-1.0
2011-08-29,-2.4089198460,60.4637363408,SPY:1.000:x-1.0
2011-08-26,-1.1875558021,61.9562118232,SPY:1.000:x-1.0
2011-08-25,1.2809032167,62.7008190377,SPY:1.000:x-1.0
2011-08-24,-1.1533154565,61.9078395297,SPY:1.000:x-1.0
2011-08-23,-2.5423083754,62.6301628786,SPY:1.000:x-1.0
2011-08-22,-0.0617012645,64.2639506791,SPY:1.000:x-1.0
2011-08-19,1.2971223576,64.3036268299,SPY:1.000:x-1.0
2011-08-18,3.7126163245,63.4802108227,SPY:1.000:x-1.0
2011-08-17,-0.0576849691,61.2078000463,SPY:1.000:x-1.0
2011-08-16,0.7465622374,61.2431281258,SPY:1.000:x-1.0
2011-08-15,-1.7791906702,60.7892981813,SPY:1.000:x-1.0
2011-08-12,-0.5588933911,61.8904472444,SPY:1.000:x-1.0
2011-08-11,-3.4436237310,62.2382929504,SPY:1.000:x-1.0
2011-08-10,3.6768948335,64.4579833620,SPY:1.000:x-1.0
2011-08-09,-3.5660091047,62.1719848627,SPY:1.000:x-1.0
2011-08-08,5.6428342417,64.4710275760,SPY:1.000:x-1.0
2011-08-05,0.1301967219,61.0273550863,SPY:1.000:x-1.0
2011-08-04,4.4611500806,60.9480027846,SPY:1.000:x-1.0
2011-08-03,-0.5106580167,58.3451385875,SPY:1.000:x-1.0
2011-08-02,2.5324274243,58.6446120001,SPY:1.000:x-1.0
2011-08-01,0.4256171926,57.1961607398,SPY:1.000:x-1.0
2011-07-29,0.6654606538,56.9537557634,SPY:1.000:x-1.0
2011-07-28,0.2850848775,56.5772563832,SPY:1.000:x-1.0
2011-07-27,2.0902235745,56.4164216965,SPY:1.000:x-1.0
2011-07-26,0.3841739312,55.2613362192,SPY:1.000:x-1.0
2011-07-25,0.5800807152,55.0498490500,SPY:1.000:x-1.0
2011-07-22,-0.0695993746,54.7323572009,SPY:1.000:x-1.0
2011-07-21,-1.4016187710,54.7704771104,SPY:1.000:x-1.0
2011-07-20,0.0611407931,55.5490632074,SPY:1.000:x-1.0
2011-07-19,-1.5902989910,55.5151208223,SPY:1.000:x-1.0
2011-07-18,0.8165741216,56.4122441722,SPY:1.000:x-1.0
2011-07-15,-0.5715823366,55.9553274485,SPY:1.000:x-1.0
2011-07-14,0.6895069745,56.2769968220,SPY:1.000:x-1.0
2011-07-13,-0.3324331874,55.8916202025,SPY:1.000:x-1.0
2011-07-12,0.4320664372,56.0780422257,SPY:1.000:x-1.0
2011-07-11,1.8759706171,55.8367901957,SPY:1.000:x-1.0
2011-07-08,0.7467772435,54.8085970199,SPY:1.000:x-1.0
2011-07-07,-1.0701940973,54.4023327788,SPY:1.000:x-1.0
2011-07-06,-0.1223479424,54.9908415188,SPY:1.000:x-1.0
2011-07-05,0.0844819076,55.0582040987,SPY:1.000:x-1.0
2011-07-01,-1.4776298070,55.0117291405,SPY:1.000:x-1.0
2011-06-30,-0.9076166328,55.8367901957,SPY:1.000:x-1.0
2011-06-29,-0.7990400853,56.3482159762,SPY:1.000:x-1.0
2011-06-28,-1.1882701141,56.8020874240,SPY:1.000:x-1.0
2011-06-27,-0.7980553934,57.4851664773,SPY:1.000:x-1.0
2011-06-24,1.0636518125,57.9476205887,SPY:1.000:x-1.0
2011-06-23,0.2639663818,57.3377466077,SPY:1.000:x-1.0
2011-06-22,0.5610795455,57.1867927001,SPY:1.000:x-1.0
2011-06-21,-1.2432271301,56.8677195577,SPY:1.000:x-1.0
2011-06-20,-0.4590518746,57.5836146778,SPY:1.000:x-1.0
2011-06-17,-0.2663417182,57.8491723881,SPY:1.000:x-1.0
2011-06-16,-0.1963237083,58.0036603337,SPY:1.000:x-1.0
2011-06-15,1.6369126450,58.1177592738,SPY:1.000:x-1.0
2011-06-14,-1.1399343621,57.1817440744,SPY:1.000:x-1.0
2011-06-13,-0.0706504200,57.8410945871,SPY:1.000:x-1.0
2011-06-10,1.2827195067,57.8819884550,SPY:1.000:x-1.0
2011-06-09,-0.6930614895,57.1489280076,SPY:1.000:x-1.0
2011-06-08,0.3830844019,57.5477694356,SPY:1.000:x-1.0
2011-06-07,0.0608020585,57.3281542189,SPY:1.000:x-1.0
2011-06-06,0.9859844271,57.2933187018,SPY:1.000:x-1.0
2011-06-03,0.9486251224,56.7339309774,SPY:1.000:x-1.0
2011-06-02,0.1016132223,56.2007961066,SPY:1.000:x-1.0
2011-06-01,2.2461682741,56.1437466365,SPY:1.000:x-1.0
2011-05-31,-0.9977570493,54.9103673851,SPY:1.000:x-1.0
2011-05-27,-0.3644812571,55.4637609699,SPY:1.000:x-1.0
2011-05-26,-0.4344179065,55.6666554957,SPY:1.000:x-1.0
2011-05-25,-0.3115950321,55.9095365338,SPY:1.000:x-1.0
2011-05-24,0.0775186970,56.0842924027,SPY:1.000:x-1.0
2011-05-23,1.1133774528,56.0408502658,SPY:1.000:x-1.0
2011-05-20,0.7746301881,55.4237744576,SPY:1.000:x-1.0
2011-05-19,-0.2310461555,54.9977453195,SPY:1.000:x-1.0
2011-05-18,-0.8523786692,55.1251097663,SPY:1.000:x-1.0
2011-05-17,0.0142083296,55.5990239871,SPY:1.000:x-1.0
2011-05-16,0.6129159072,55.5911254168,SPY:1.000:x-1.0
2011-05-13,0.7543704877,55.2524742132,SPY:1.000:x-1.0
2011-05-12,-0.4623573054,54.8387865913,SPY:1.000:x-1.0
2011-05-11,1.0439207236,55.0935154850,SPY:1.000:x-1.0
2011-05-10,-0.8323157592,54.5243247594,SPY:1.000:x-1.0
2011-05-09,-0.3747931482,54.9819481788,SPY:1.000:x-1.0
2011-05-06,-0.4239741340,55.1887919898,SPY:1.000:x-1.0
2011-05-05,0.8842003109,55.4237744576,SPY:1.000:x-1.0
2011-05-04,0.6557406704,54.9380123813,SPY:1.000:x-1.0
2011-05-03,0.3585465702,54.5801084125,SPY:1.000:x-1.0
2011-05-02,0.1545496695,54.3851124571,SPY:1.000:x-1.0
2011-04-29,-0.2479267367,54.3011901471,SPY:1.000:x-1.0
2011-04-28,-0.3399796970,54.4361519222,SPY:1.000:x-1.0
2011-04-27,-0.6744223653,54.6218551398,SPY:1.000:x-1.0
2011-04-26,-0.8750176795,54.9927384673,SPY:1.000:x-1.0
2011-04-25,0.1066621359,55.4781823713,SPY:1.000:x-1.0
2011-04-21,-0.5146023101,55.4190712063,SPY:1.000:x-1.0
2011-04-20,-1.3369405094,55.7057342013,SPY:1.000:x-1.0
2011-04-19,-0.5574084652,56.4605785478,SPY:1.000:x-1.0
2011-04-18,1.1113698822,56.7770586791,SPY:1.000:x-1.0
2011-04-15,-0.3592247429,56.1529912465,SPY:1.000:x-1.0
2011-04-14,-0.0742032427,56.3554339091,SPY:1.000:x-1.0
2011-04-13,0.0074208749,56.3972825215,SPY:1.000:x-1.0
2011-04-12,0.7457525746,56.3930976602,SPY:1.000:x-1.0
2011-04-11,0.3018259533,55.9756577514,SPY:1.000:x-1.0
2011-04-08,0.3489695522,55.8072170864,SPY:1.000:x-1.0
2011-04-07,0.2583954960,55.6131441463,SPY:1.000:x-1.0
2011-04-06,-0.3177378569,55.4698126488,SPY:1.000:x-1.0
2011-04-05,0.0150431079,55.6466230363,SPY:1.000:x-1.0
2011-04-04,-0.0836073274,55.6382533138,SPY:1.000:x-1.0
2011-04-01,-0.4218856699,55.6848098951,SPY:1.000:x-1.0
2011-03-31,0.1358568350,55.9207314476,SPY:1.000:x-1.0
2011-03-30,-0.6830194298,55.8448623850,SPY:1.000:x-1.0
2011-03-29,-0.6554315772,56.2289168120,SPY:1.000:x-1.0
2011-03-28,0.2390770514,56.5998903661,SPY:1.000:x-1.0
2011-03-25,-0.2984164526,56.4648957583,SPY:1.000:x-1.0
2011-03-24,-0.9154323587,56.6339006356,SPY:1.000:x-1.0
2011-03-23,-0.2720566754,57.1571355497,SPY:1.000:x-1.0
2011-03-22,0.3324997939,57.3130595541,SPY:1.000:x-1.0
2011-03-21,-1.4417260991,57.1231252803,SPY:1.000:x-1.0
2011-03-18,-0.3356036817,57.9587314381,SPY:1.000:x-1.0
2011-03-17,-1.1956830951,58.1538980611,SPY:1.000:x-1.0
2011-03-16,1.7318875313,58.8576490206,SPY:1.000:x-1.0
2011-03-15,1.0934657195,57.8556541600,SPY:1.000:x-1.0
2011-03-14,0.5830260339,57.2298652027,SPY:1.000:x-1.0
2011-03-11,-0.6613865366,56.8981342672,SPY:1.000:x-1.0
2011-03-10,1.8307147043,57.2769563450,SPY:1.000:x-1.0
2011-03-09,0.1425297636,56.2472300340,SPY:1.000:x-1.0
2011-03-08,-0.8525062576,56.1671750922,SPY:1.000:x-1.0
2011-03-07,0.7772213638,56.6501209179,SPY:1.000:x-1.0
2011-03-04,0.7521194388,56.2132197646,SPY:1.000:x-1.0
2011-03-03,-1.6727219077,55.7935853635,SPY:1.000:x-1.0
2011-03-02,-0.2070469583,56.7427334977,SPY:1.000:x-1.0
2011-03-01,1.6681011900,56.8604613534,SPY:1.000:x-1.0
2011-02-28,-0.6565772300,55.9275335015,SPY:1.000:x-1.0
2011-02-25,-1.1074655395,56.2971678870,SPY:1.000:x-1.0
2011-02-24,0.0719779136,56.9276216795,SPY:1.000:x-1.0
2011-02-23,0.6450332440,56.8866758371,SPY:1.000:x-1.0
2011-02-22,2.1977018955,56.5220895692,SPY:1.000:x-1.0
2011-02-18,-0.2266587066,55.3066150421,SPY:1.000:x-1.0
2011-02-17,-0.3247637394,55.4322570790,SPY:1.000:x-1.0
2011-02-16,-0.6751950953,55.6128675072,SPY:1.000:x-1.0
2011-02-15,0.3387411294,55.9909154219,SPY:1.000:x-1.0
2011-02-14,-0.2576621918,55.8018914645,SPY:1.000:x-1.0
2011-02-11,-0.6306288356,55.9460432659,SPY:1.000:x-1.0
2011-02-10,-0.0418251708,56.3010942006,SPY:1.000:x-1.0
2011-02-09,0.2415748283,56.3246520826,SPY:1.000:x-1.0
2011-02-08,-0.4788491724,56.1889138105,SPY:1.000:x-1.0
2011-02-07,-0.6494531959,56.4592685507,SPY:1.000:x-1.0
2011-02-04,-0.2922854359,56.8283420343,SPY:1.000:x-1.0
2011-02-03,-0.2326951399,56.9949299136,SPY:1.000:x-1.0
2011-02-02,0.2016823257,57.1278636759,SPY:1.000:x-1.0
2011-02-01,-1.6011771653,57.0128787760,SPY:1.000:x-1.0
2011-01-31,-0.7749207467,57.9406106024,SPY:1.000:x-1.0
2011-01-28,1.8678941595,58.3931109337,SPY:1.000:x-1.0
2011-01-27,-0.2627811861,57.3223893706,SPY:1.000:x-1.0
2011-01-26,-0.4083461472,57.4734187019,SPY:1.000:x-1.0
2011-01-25,-0.0580105437,57.7090714719,SPY:1.000:x-1.0
2011-01-24,-0.5928533851,57.7425682497,SPY:1.000:x-1.0
2011-01-21,-0.2341636723,58.0869386317,SPY:1.000:x-1.0
2011-01-20,0.1374570447,58.2232763938,SPY:1.000:x-1.0
2011-01-19,1.0416666667,58.1433542574,SPY:1.000:x-1.0
2011-01-18,-0.1804336524,57.5439382341,SPY:1.000:x-1.0
2011-01-14,-0.7577443700,57.6479545440,SPY:1.000:x-1.0
2011-01-13,0.1732961743,58.0881139572,SPY:1.000:x-1.0
2011-01-12,-0.9267254363,57.9876236239,SPY:1.000:x-1.0
2011-01-11,-0.3611480707,58.5300363587,SPY:1.000:x-1.0
2011-01-10,0.1282166862,58.7421826179,SPY:1.000:x-1.0
2011-01-07,0.2017464619,58.6669617836,SPY:1.000:x-1.0
2011-01-06,0.2011465353,58.5488415672,SPY:1.000:x-1.0
2011-01-05,-0.5292169790,58.4313090136,SPY:1.000:x-1.0
2011-01-04,0.0560543727,58.7421826179,SPY:1.000:x-1.0
2011-01-03,-1.0342060685,58.7092735029,SPY:1.000:x-1.0
2010-12-31,-0.0271723748,59.3227934326,SPY:1.000:x-1.0
2010-12-30,0.1826142190,59.3389172255,SPY:1.000:x-1.0
2010-12-29,-0.0827317339,59.2307534477,SPY:1.000:x-1.0
2010-12-28,-0.1629309467,59.2797966513,SPY:1.000:x-1.0
2010-12-27,-0.0452381222,59.3765394091,SPY:1.000:x-1.0
2010-12-23,0.1631228972,59.4034123974,SPY:1.000:x-1.0
2010-12-22,-0.3533130150,59.3066696396,SPY:1.000:x-1.0
2010-12-21,-0.7105711468,59.5169507728,SPY:1.000:x-1.0
2010-12-20,-0.2693790868,59.9428876369,SPY:1.000:x-1.0
2010-12-17,-0.1183418740,60.1047973913,SPY:1.000:x-1.0
2010-12-16,-0.6400585704,60.1760108102,SPY:1.000:x-1.0
2010-12-15,0.5095271543,60.5636536660,SPY:1.000:x-1.0
2010-12-14,-0.0980184676,60.2566297750,SPY:1.000:x-1.0
2010-12-13,-0.0712353773,60.3157503492,SPY:1.000:x-1.0
2010-12-10,-0.6359353226,60.3587471304,SPY:1.000:x-1.0
2010-12-09,-0.4218015220,60.7450463368,SPY:1.000:x-1.0
2010-12-08,-0.3949057163,61.0023551995,SPY:1.000:x-1.0
2010-12-07,-0.0602964392,61.2442120939,SPY:1.000:x-1.0
2010-12-06,0.1130464368,61.2811624528,SPY:1.000:x-1.0
2010-12-03,-0.2878217475,61.2119645080,SPY:1.000:x-1.0
2010-12-02,-1.3367309478,61.3886544059,SPY:1.000:x-1.0
2010-12-01,-2.1241968211,62.2203733929,SPY:1.000:x-1.0
2010-11-30,0.5675658440,63.5707410535,SPY:1.000:x-1.0
2010-11-29,-0.3062251656,63.2119714940,SPY:1.000:x-1.0
2010-11-26,1.1988376208,63.4061370421,SPY:1.000:x-1.0
2010-11-24,-1.4779834348,62.6550052676,SPY:1.000:x-1.0
2010-11-23,1.4914490967,63.5949277654,SPY:1.000:x-1.0
2010-11-22,0.0858507270,62.6603800925,SPY:1.000:x-1.0
2010-11-19,-0.2835741038,62.6066318439,SPY:1.000:x-1.0
2010-11-18,-1.4656263180,62.7846729174,SPY:1.000:x-1.0
2010-11-17,-0.0484792277,63.7185487372,SPY:1.000:x-1.0
2010-11-16,1.5986208817,63.7494539801,SPY:1.000:x-1.0
2010-11-15,0.1447596989,62.7463772903,SPY:1.000:x-1.0
2010-11-12,1.2452367253,62.6556771208,SPY:1.000:x-1.0
2010-11-11,0.4044037497,61.8850616062,SPY:1.000:x-1.0
2010-11-10,-0.4243956974,61.6358041032,SPY:1.000:x-1.0
2010-11-09,0.7689110557,61.8984986683,SPY:1.000:x-1.0
2010-11-08,0.2060499781,61.4261859336,SPY:1.000:x-1.0
2010-11-05,-0.4060603414,61.2998775494,SPY:1.000:x-1.0
2010-11-04,-1.9731210409,61.5498069054,SPY:1.000:x-1.0
2010-11-03,-0.4049618483,62.7887040361,SPY:1.000:x-1.0
2010-11-02,-0.7971244318,63.0440082170,SPY:1.000:x-1.0
2010-11-01,-0.0338187736,63.5505854603,SPY:1.000:x-1.0
2010-10-29,-0.0820699875,63.5720847597,SPY:1.000:x-1.0
2010-10-28,-0.0182344494,63.6243012157,SPY:1.000:x-1.0
2010-10-27,0.3098028008,63.6359048726,SPY:1.000:x-1.0
2010-10-26,-0.0182875953,63.4393679340,SPY:1.000:x-1.0
2010-10-25,-0.3212833104,63.4509715909,SPY:1.000:x-1.0
2010-10-22,-0.1967116185,63.6554860436,SPY:1.000:x-1.0
2010-10-21,-0.2348190079,63.7809505838,SPY:1.000:x-1.0
2010-10-20,-1.0228599659,63.9310728949,SPY:1.000:x-1.0
2010-10-19,1.4096053560,64.5917561094,SPY:1.000:x-1.0
2010-10-18,-0.5244141399,63.6939231571,SPY:1.000:x-1.0
2010-10-15,-0.2169957392,64.0297039785,SPY:1.000:x-1.0
2010-10-14,0.4165058901,64.1689478613,SPY:1.000:x-1.0
2010-10-13,-0.8171994597,63.9027889812,SPY:1.000:x-1.0
2010-10-12,-0.3231307782,64.4293049129,SPY:1.000:x-1.0
2010-10-11,-0.1008765047,64.6381707370,SPY:1.000:x-1.0
2010-10-08,-0.5761408592,64.7034413070,SPY:1.000:x-1.0
2010-10-07,0.1249679212,65.0783844705,SPY:1.000:x-1.0
2010-10-06,0.0089270769,64.9971588722,SPY:1.000:x-1.0
2010-10-05,-2.0001312279,64.9913570437,SPY:1.000:x-1.0
2010-10-04,0.7569664048,66.3178000726,SPY:1.000:x-1.0
2010-10-01,-0.4202326092,65.8195680547,SPY:1.000:x-1.0
2010-09-30,0.3571099134,66.0973305916,SPY:1.000:x-1.0
2010-09-29,0.2112852747,65.8621303948,SPY:1.000:x-1.0
2010-09-28,-0.4194829445,65.7232668099,SPY:1.000:x-1.0
2010-09-27,0.5806340683,66.0001260822,SPY:1.000:x-1.0
2010-09-24,-2.3934625166,65.6191191213,SPY:1.000:x-1.0
2010-09-23,0.9592701206,67.2282009107,SPY:1.000:x-1.0
2010-09-22,0.5860143161,66.5894284204,SPY:1.000:x-1.0
2010-09-21,0.2418061871,66.2014782802,SPY:1.000:x-1.0
2010-09-20,-1.7736355657,66.0417851577,SPY:1.000:x-1.0
2010-09-17,-0.0425800957,67.2342761925,SPY:1.000:x-1.0
2010-09-16,0.0296858463,67.2629168069,SPY:1.000:x-1.0
2010-09-15,-0.4381963274,67.2429551666,SPY:1.000:x-1.0
2010-09-14,0.0720136826,67.5389081818,SPY:1.000:x-1.0
2010-09-13,-1.2495714122,67.4903059271,SPY:1.000:x-1.0
2010-09-10,-0.5631810892,68.3443169739,SPY:1.000:x-1.0
2010-09-09,-0.5088067539,68.7313992166,SPY:1.000:x-1.0
2010-09-08,-0.7629971325,69.0828976658,SPY:1.000:x-1.0
2010-09-07,1.2535188154,69.6140508778,SPY:1.000:x-1.0
2010-09-03,-1.4039454851,68.7522287544,SPY:1.000:x-1.0
2010-09-02,-0.9883298212,69.7312170275,SPY:1.000:x-1.0
2010-09-01,-2.9910698275,70.4272707466,SPY:1.000:x-1.0
2010-08-31,0.0000000000,72.5987500546,SPY:1.000:x-1.0
2010-08-30,1.3632940551,72.5987500546,SPY:1.000:x-1.0
2010-08-27,-1.4138943783,71.6223271267,SPY:1.000:x-1.0
2010-08-26,0.6195963835,72.6495145285,SPY:1.000:x-1.0
2010-08-25,-0.3568574650,72.2021526022,SPY:1.000:x-1.0
2010-08-24,1.4053082021,72.4607341411,SPY:1.000:x-1.0
2010-08-23,0.3598324495,71.4565493916,SPY:1.000:x-1.0
2010-08-20,0.3106631205,71.2003474374,SPY:1.000:x-1.0
2010-08-19,1.7244711205,70.9798392538,SPY:1.000:x-1.0
2010-08-18,-0.1804193900,69.7765625832,SPY:1.000:x-1.0
2010-08-17,-1.1840688913,69.9026805731,SPY:1.000:x-1.0
2010-08-16,0.0448712196,70.7402943926,SPY:1.000:x-1.0
2010-08-13,0.2857464282,70.7085665964,SPY:1.000:x-1.0
2010-08-12,0.6020960185,70.5070950905,SPY:1.000:x-1.0
2010-08-11,2.8423110946,70.0851154012,SPY:1.000:x-1.0
2010-08-10,0.5747731929,68.1481334436,SPY:1.000:x-1.0
2010-08-09,-0.5552839282,67.7586747453,SPY:1.000:x-1.0
2010-08-06,0.4255418644,68.1370287149,SPY:1.000:x-1.0
2010-08-05,0.1111852346,67.8483057695,SPY:1.000:x-1.0
2010-08-04,-0.6927091203,67.7729522536,SPY:1.000:x-1.0
2010-08-03,0.5011096834,68.2456964169,SPY:1.000:x-1.0
2010-08-02,-2.2583002238,67.9054158027,SPY:1.000:x-1.0
2010-07-30,0.0209495378,69.4743553245,SPY:1.000:x-1.0
2010-07-29,0.5648824807,69.4598038166,SPY:1.000:x-1.0
2010-07-28,0.7588924416,69.0696415122,SPY:1.000:x-1.0
2010-07-27,0.0106150070,68.5494251063,SPY:1.000:x-1.0
2010-07-26,-1.1969375180,68.5421493524,SPY:1.000:x-1.0
2010-07-23,-0.9788139994,69.3724947695,SPY:1.000:x-1.0
2010-07-22,-2.4058988230,70.0582345772,SPY:1.000:x-1.0
2010-07-21,1.4393851769,71.7853166660,SPY:1.000:x-1.0
2010-07-20,-1.2011630712,70.7667111160,SPY:1.000:x-1.0
2010-07-19,-0.6308591039,71.6270690180,SPY:1.000:x-1.0
2010-07-16,3.1213406542,72.0818036386,SPY:1.000:x-1.0
2010-07-15,-0.0299163643,69.8999869293,SPY:1.000:x-1.0
2010-07-14,0.0091058095,69.9209047218,SPY:1.000:x-1.0
2010-07-13,-1.6566669652,69.9145384371,SPY:1.000:x-1.0
2010-07-12,-0.0703109020,71.0923011043,SPY:1.000:x-1.0
2010-07-09,-0.8064925184,71.1423219126,SPY:1.000:x-1.0
2010-07-08,-1.0489861474,71.7207443499,SPY:1.000:x-1.0
2010-07-07,-3.1251899303,72.4810606354,SPY:1.000:x-1.0
2010-07-06,-0.6437198068,74.8193060542,SPY:1.000:x-1.0
2010-07-02,0.5403436343,75.3040531596,SPY:1.000:x-1.0
2010-07-01,0.4464013465,74.8993393474,SPY:1.000:x-1.0
2010-06-30,0.8719092149,74.5664736051,SPY:1.000:x-1.0
2010-06-29,3.0133699006,73.9219413863,SPY:1.000:x-1.0
2010-06-28,0.3071914903,71.7595603927,SPY:1.000:x-1.0
2010-06-25,-0.4052650205,71.5397962264,SPY:1.000:x-1.0
2010-06-24,1.6678272981,71.8309017451,SPY:1.000:x-1.0
2010-06-23,0.3143555711,70.6525394061,SPY:1.000:x-1.0
2010-06-22,1.7316530061,70.4311352088,SPY:1.000:x-1.0
2010-06-21,0.3005643006,69.2322724812,SPY:1.000:x-1.0
2010-06-18,-0.1127328824,69.0248085482,SPY:1.000:x-1.0
2010-06-17,-0.1682225276,69.1027100250,SPY:1.000:x-1.0
2010-06-16,0.0367381283,69.2191522325,SPY:1.000:x-1.0
2010-06-15,-2.2802547771,69.1937317506,SPY:1.000:x-1.0
2010-06-14,0.1565852810,70.8083423598,SPY:1.000:x-1.0
2010-06-11,-0.4836438350,70.6976402611,SPY:1.000:x-1.0
2010-06-10,-2.7513049335,71.0412267747,SPY:1.000:x-1.0
2010-06-09,0.5088340817,73.0510848769,SPY:1.000:x-1.0
2010-06-08,-0.9974644521,72.6812578659,SPY:1.000:x-1.0
2010-06-07,1.1878927619,73.4135317481,SPY:1.000:x-1.0
2010-06-04,3.6006604138,72.5516954097,SPY:1.000:x-1.0
2010-06-03,-0.3500542584,70.0301476071,SPY:1.000:x-1.0
2010-06-02,-2.5183415799,70.2761522707,SPY:1.000:x-1.0
2010-06-01,1.6816830710,72.0916666886,SPY:1.000:x-1.0
2010-05-28,1.0967864158,70.8993640854,SPY:1.000:x-1.0
2010-05-27,-2.7518398930,70.1301857348,SPY:1.000:x-1.0
2010-05-26,0.4989329461,72.1146658792,SPY:1.000:x-1.0
2010-05-25,-0.0827621125,71.7566483197,SPY:1.000:x-1.0
2010-05-24,1.0925842077,71.8160848286,SPY:1.000:x-1.0
2010-05-21,-1.2106302084,71.0399139476,SPY:1.000:x-1.0
2010-05-20,3.3526627338,71.9104839898,SPY:1.000:x-1.0
2010-05-19,0.5111265998,69.5777758286,SPY:1.000:x-1.0
2010-05-18,1.2539505579,69.2239537873,SPY:1.000:x-1.0
2010-05-17,-0.0490702215,68.3666695530,SPY:1.000:x-1.0
2010-05-14,1.7263074699,68.4002336992,SPY:1.000:x-1.0
2010-05-13,1.2157382847,67.2394736430,SPY:1.000:x-1.0
2010-05-12,-1.3304252999,66.4318363750,SPY:1.000:x-1.0
2010-05-11,0.2718070482,67.3275795268,SPY:1.000:x-1.0
2010-05-10,-3.8779555146,67.1450744818,SPY:1.000:x-1.0
2010-05-07,1.3493222953,69.8539807817,SPY:1.000:x-1.0
2010-05-06,3.2104039706,68.9239742306,SPY:1.000:x-1.0
2010-05-05,0.5824179296,66.7800643918,SPY:1.000:x-1.0
2010-05-04,2.4128483907,66.3933774574,SPY:1.000:x-1.0
2010-05-03,-1.2935577629,64.8291483937,SPY:1.000:x-1.0
2010-04-30,1.8066968528,65.6787408445,SPY:1.000:x-1.0
2010-04-29,-1.2889982674,64.5131831941,SPY:1.000:x-1.0
2010-04-28,-0.7785467128,65.3556159513,SPY:1.000:x-1.0
2010-04-27,2.5478636797,65.8684324671,SPY:1.000:x-1.0
2010-04-26,0.4115458338,64.2318914344,SPY:1.000:x-1.0
2010-04-23,-0.7008822607,63.9686311977,SPY:1.000:x-1.0
2010-04-22,-0.3180768072,64.4201405351,SPY:1.000:x-1.0
2010-04-21,0.1945721091,64.6256998980,SPY:1.000:x-1.0
2010-04-20,-0.9371572896,64.5002004975,SPY:1.000:x-1.0
2010-04-19,-0.3917111709,65.1103872377,SPY:1.000:x-1.0
2010-04-16,1.7115024185,65.3664348651,SPY:1.000:x-1.0
2010-04-15,-0.0885828979,64.2665119587,SPY:1.000:x-1.0
2010-04-14,-1.1910433540,64.3234915715,SPY:1.000:x-1.0
2010-04-13,-0.0786024267,65.0988470630,SPY:1.000:x-1.0
2010-04-12,-0.1657861580,65.1500565885,SPY:1.000:x-1.0
2010-04-09,-0.6751342035,65.2582457268,SPY:1.000:x-1.0
2010-04-08,-0.3565998315,65.7018211940,SPY:1.000:x-1.0
2010-04-07,0.5919829227,65.9369522547,SPY:1.000:x-1.0
2010-04-06,-0.2436802301,65.5489138785,SPY:1.000:x-1.0
2010-04-05,-0.8262393590,65.7090338032,SPY:1.000:x-1.0
2010-04-01,-0.6832875646,66.2564708432,SPY:1.000:x-1.0
2010-03-31,0.3874353253,66.7123077461,SPY:1.000:x-1.0
2010-03-30,-0.0771822358,66.4548382275,SPY:1.000:x-1.0
2010-03-29,-0.7103845078,66.5061691758,SPY:1.000:x-1.0
2010-03-26,0.0657294139,66.9819989191,SPY:1.000:x-1.0
2010-03-25,0.1829156759,66.9380009634,SPY:1.000:x-1.0
2010-03-24,0.5530078230,66.8157844198,SPY:1.000:x-1.0
2010-03-23,-0.7858880779,66.4483200118,SPY:1.000:x-1.0
2010-03-22,-0.5949789581,66.9746659265,SPY:1.000:x-1.0
2010-03-19,0.5642846719,67.3755361897,SPY:1.000:x-1.0
2010-03-18,0.0596259385,66.9974796813,SPY:1.000:x-1.0
2010-03-17,-0.6564154638,66.9575556104,SPY:1.000:x-1.0
2010-03-16,-0.8688149364,67.3999794985,SPY:1.000:x-1.0
2010-03-15,-0.0275548101,67.9906927928,SPY:1.000:x-1.0
2010-03-12,-0.0095833633,68.0094326629,SPY:1.000:x-1.0
2010-03-11,-0.4507727533,68.0159508785,SPY:1.000:x-1.0
2010-03-10,-0.4771060315,68.3239365685,SPY:1.000:x-1.0
2010-03-09,-0.1765256436,68.6514769056,SPY:1.000:x-1.0
2010-03-08,-0.0189521813,68.7728786723,SPY:1.000:x-1.0
2010-03-05,-1.4785855993,68.7859151036,SPY:1.000:x-1.0
2010-03-04,-0.3117801717,69.8182375090,SPY:1.000:x-1.0
2010-03-03,-0.0918209607,70.0365977337,SPY:1.000:x-1.0
2010-03-02,-0.2827969078,70.1009651134,SPY:1.000:x-1.0
2010-03-01,-1.0380106898,70.2997706911,SPY:1.000:x-1.0
2010-02-26,-0.0671018117,71.0371438378,SPY:1.000:x-1.0
2010-02-25,0.1441714418,71.0848430554,SPY:1.000:x-1.0
2010-02-24,-0.9619805910,70.9825065523,SPY:1.000:x-1.0
2010-02-23,1.3017896543,71.6719770608,SPY:1.000:x-1.0
2010-02-22,-0.0183834794,70.7509485324,SPY:1.000:x-1.0
2010-02-19,-0.2213363334,70.7639574099,SPY:1.000:x-1.0
2010-02-18,-0.6222049388,70.9209311987,SPY:1.000:x-1.0
2010-02-17,-0.4957798254,71.3649675513,SPY:1.000:x-1.0
2010-02-16,-1.5921747822,71.7205435368,SPY:1.000:x-1.0
2010-02-12,0.0845590425,72.8809354115,SPY:1.000:x-1.0
2010-02-11,-1.0395181916,72.8193600579,SPY:1.000:x-1.0
2010-02-10,0.1948466026,73.5842820560,SPY:1.000:x-1.0
2010-02-09,-1.2212903452,73.4411844033,SPY:1.000:x-1.0
2010-02-08,0.7130941472,74.3492040541,SPY:1.000:x-1.0
2010-02-05,-0.2039954980,73.8227781439,SPY:1.000:x-1.0
2010-02-04,3.2301789972,73.9736811231,SPY:1.000:x-1.0
2010-02-03,0.5268024430,71.6589681832,SPY:1.000:x-1.0
2010-02-02,-1.2483029568,71.2834452522,SPY:1.000:x-1.0
2010-02-01,-1.5553295170,72.1845268350,SPY:1.000:x-1.0
2010-01-29,1.0322566308,73.3249717641,SPY:1.000:x-1.0
2010-01-28,1.1145441267,72.5758032230,SPY:1.000:x-1.0
2010-01-27,-0.4574227750,71.7758299262,SPY:1.000:x-1.0
2010-01-26,0.4065040650,72.1056576262,SPY:1.000:x-1.0
2010-01-25,-0.4927759713,71.8137318868,SPY:1.000:x-1.0
2010-01-22,2.2403235388,72.1693651771,SPY:1.000:x-1.0
2010-01-21,2.0091366772,70.5879663513,SPY:1.000:x-1.0
2010-01-20,1.0849717860,69.1976901781,SPY:1.000:x-1.0
2010-01-19,-1.2999244230,68.4549730346,SPY:1.000:x-1.0
2010-01-15,1.1954488228,69.3565558429,SPY:1.000:x-1.0
2010-01-14,-0.2874439778,68.5372283534,SPY:1.000:x-1.0
2010-01-13,-0.8780192815,68.7348024036,SPY:1.000:x-1.0
2010-01-12,0.9888780579,69.3436530478,SPY:1.000:x-1.0
2010-01-11,-0.1477607214,68.6646434551,SPY:1.000:x-1.0
2010-01-08,-0.3494133595,68.7662529666,SPY:1.000:x-1.0
2010-01-07,-0.4397905759,69.0073739503,SPY:1.000:x-1.0
2010-01-06,-0.0732447421,69.3122024847,SPY:1.000:x-1.0
2010-01-05,-0.2736263609,69.3630072405,SPY:1.000:x-1.0
2010-01-04,-1.6959777517,69.5533234684,SPY:1.000:x-1.0
2009-12-31,1.0167828989,70.7532834137,SPY:1.000:x-1.0
2009-12-30,0.0394906898,70.0411173106,SPY:1.000:x-1.0
2009-12-29,0.1498100409,70.0134685090,SPY:1.000:x-1.0
2009-12-28,-0.2260008610,69.9087381997,SPY:1.000:x-1.0
2009-12-24,-0.4973466911,70.0670904273,SPY:1.000:x-1.0
2009-12-23,-0.2054168299,70.4173085815,SPY:1.000:x-1.0
2009-12-22,-0.3726311307,70.5622553296,SPY:1.000:x-1.0
2009-12-21,-1.0325934251,70.8261757089,SPY:1.000:x-1.0
2009-12-18,-0.5680759918,71.5651527711,SPY:1.000:x-1.0
2009-12-17,1.2374195677,71.9740198985,SPY:1.000:x-1.0
2009-12-16,-0.1576693180,71.0942853006,SPY:1.000:x-1.0
2009-12-15,0.4823835422,71.2065561922,SPY:1.000:x-1.0
2009-12-14,-0.6997276228,70.8647164627,SPY:1.000:x-1.0
2009-12-11,-0.4301879734,71.3640705773,SPY:1.000:x-1.0
2009-12-10,-0.5626075231,71.6723966078,SPY:1.000:x-1.0
2009-12-09,-0.3729009844,72.0779123653,SPY:1.000:x-1.0
2009-12-08,1.1278063405,72.3476976420,SPY:1.000:x-1.0
2009-12-07,0.1560044104,71.5408553394,SPY:1.000:x-1.0
2009-12-04,-0.5749472285,71.4294222903,SPY:1.000:x-1.0
2009-12-03,0.8005548633,71.8424786300,SPY:1.000:x-1.0
2009-12-02,0.0458677832,71.2719079052,SPY:1.000:x-1.0
2009-12-01,-1.2370487386,71.2392320487,SPY:1.000:x-1.0
2009-11-30,-0.3796308417,72.1315342836,SPY:1.000:x-1.0
2009-11-27,1.8913727792,72.4064113525,SPY:1.000:x-1.0
2009-11-25,-0.4064932650,71.0623572709,SPY:1.000:x-1.0
2009-11-24,-0.1763668430,71.3523999711,SPY:1.000:x-1.0
2009-11-23,-1.4222408136,71.4784642820,SPY:1.000:x-1.0
2009-11-20,0.4002939864,72.5097272163,SPY:1.000:x-1.0
2009-11-19,1.5134962296,72.2206323680,SPY:1.000:x-1.0
2009-11-18,0.0719961602,71.1438725396,SPY:1.000:x-1.0
2009-11-17,-0.1344783969,71.0926885336,SPY:1.000:x-1.0
2009-11-16,-1.6306483301,71.1884215818,SPY:1.000:x-1.0
2009-11-13,-0.6014685205,72.3684972740,SPY:1.000:x-1.0
2009-11-12,1.1549351419,72.8064048803,SPY:1.000:x-1.0
2009-11-11,-0.5748029434,71.9751387099,SPY:1.000:x-1.0
2009-11-10,-0.0209451499,72.3912457211,SPY:1.000:x-1.0
2009-11-09,-2.4393358876,72.4064113525,SPY:1.000:x-1.0
2009-11-06,-0.2789133840,74.2168085993,SPY:1.000:x-1.0
2009-11-05,-1.8892679087,74.4243881789,SPY:1.000:x-1.0
2009-11-04,-0.2629545624,75.8575403450,SPY:1.000:x-1.0
2009-11-03,-0.3217351337,76.0575371089,SPY:1.000:x-1.0
2009-11-02,-0.7336983328,76.3030307670,SPY:1.000:x-1.0
2009-10-30,2.9564112588,76.8670026842,SPY:1.000:x-1.0
2009-10-29,-2.0978351872,74.6597533309,SPY:1.000:x-1.0
2009-10-28,1.9186698523,76.2595530688,SPY:1.000:x-1.0
2009-10-27,0.4690580873,74.8239289026,SPY:1.000:x-1.0
2009-10-26,1.1358006342,74.4745997694,SPY:1.000:x-1.0
2009-10-23,1.2274784658,73.6382164401,SPY:1.000:x-1.0
2009-10-22,-1.0692268572,72.7452837472,SPY:1.000:x-1.0
2009-10-21,0.9617913364,73.5315023185,SPY:1.000:x-1.0
2009-10-20,0.5718100180,72.8310198791,SPY:1.000:x-1.0
2009-10-19,-0.8801278370,72.4169326038,SPY:1.000:x-1.0
2009-10-16,0.8079536874,73.0599535930,SPY:1.000:x-1.0
2009-10-15,-0.3923633310,72.4743940539,SPY:1.000:x-1.0
2009-10-14,-1.7839994090,72.7598771314,SPY:1.000:x-1.0
2009-10-13,0.2122146823,74.0814904838,SPY:1.000:x-1.0
2009-10-12,-0.4030573374,73.9246116042,SPY:1.000:x-1.0
2009-10-09,-0.6215882863,74.2237759793,SPY:1.000:x-1.0
2009-10-08,-0.7694917719,74.6880280127,SPY:1.000:x-1.0
2009-10-07,-0.2743235568,75.2672029463,SPY:1.000:x-1.0
2009-10-06,-1.3906763907,75.4742465840,SPY:1.000:x-1.0
2009-10-05,-1.4075240266,76.5386515407,SPY:1.000:x-1.0
2009-10-02,0.4721769719,77.6313311792,SPY:1.000:x-1.0
2009-10-01,2.4526522023,77.2664965754,SPY:1.000:x-1.0
2009-09-30,0.4185082333,75.4167851339,SPY:1.000:x-1.0
2009-09-29,0.3270068410,75.1024750922,SPY:1.000:x-1.0
2009-09-28,-1.8789706732,74.8576853402,SPY:1.000:x-1.0
2009-09-25,0.5666270845,76.2911741283,SPY:1.000:x-1.0
2009-09-24,1.1964472309,75.8613233236,SPY:1.000:x-1.0
2009-09-23,0.9187614516,74.9644136721,SPY:1.000:x-1.0
2009-09-22,-0.6365505770,74.2819398433,SPY:1.000:x-1.0
2009-09-21,0.2784454339,74.7578111213,SPY:1.000:x-1.0
2009-09-18,-0.0708745127,74.5502294116,SPY:1.000:x-1.0
2009-09-17,0.1643309757,74.6031039980,SPY:1.000:x-1.0
2009-09-16,-1.6129240878,74.4807091220,SPY:1.000:x-1.0
2009-09-15,-0.4416915628,75.7017204053,SPY:1.000:x-1.0
2009-09-14,-0.5086287523,76.0375719451,SPY:1.000:x-1.0
2009-09-11,0.0192214050,76.4262980714,SPY:1.000:x-1.0
2009-09-10,-1.0473726922,76.4116106863,SPY:1.000:x-1.0
2009-09-09,-0.7750377453,77.2203960271,SPY:1.000:x-1.0
2009-09-08,-0.8557243719,77.8235579762,SPY:1.000:x-1.0
2009-09-04,-1.3511518015,78.4952610558,SPY:1.000:x-1.0
2009-09-03,-0.7898817009,79.5703776469,SPY:1.000:x-1.0
2009-09-02,0.3626784292,80.2038935252,SPY:1.000:x-1.0
2009-09-01,2.2052746262,79.9140624588,SPY:1.000:x-1.0
2009-08-31,0.9762141408,78.1897634453,SPY:1.000:x-1.0
2009-08-28,0.0217891626,77.4338433170,SPY:1.000:x-1.0
2009-08-27,-0.2431734819,77.4169748065,SPY:1.000:x-1.0
2009-08-26,-0.0108669075,77.6056912681,SPY:1.000:x-1.0
2009-08-25,-0.2114566107,77.6141255233,SPY:1.000:x-1.0
2009-08-24,0.0108451048,77.7785935010,SPY:1.000:x-1.0
2009-08-21,-2.0501925375,77.7701592458,SPY:1.000:x-1.0
2009-08-20,-1.0537103216,79.3979705121,SPY:1.000:x-1.0
2009-08-19,-0.8829274645,80.2435046026,SPY:1.000:x-1.0
2009-08-18,-0.7855500142,80.9583077364,SPY:1.000:x-1.0
2009-08-17,2.5614523289,81.5993111366,SPY:1.000:x-1.0
2009-08-14,0.8122152905,79.5613842079,SPY:1.000:x-1.0
2009-08-13,-0.7964695592,78.9203808077,SPY:1.000:x-1.0
2009-08-12,-1.0931683532,79.5540042346,SPY:1.000:x-1.0
2009-08-11,1.3039436994,80.4332753461,SPY:1.000:x-1.0
2009-08-10,0.2209091877,79.3979705121,SPY:1.000:x-1.0
2009-08-07,-1.3431013431,79.2229597154,SPY:1.000:x-1.0
2009-08-06,0.5345687812,80.3014901075,SPY:1.000:x-1.0
2009-08-05,0.2991950858,79.8745059347,SPY:1.000:x-1.0
2009-08-04,-0.2667089176,79.6362382234,SPY:1.000:x-1.0
2009-08-03,-1.6504564402,79.8492031689,SPY:1.000:x-1.0
2009-07-31,-0.1640923735,81.1891954743,SPY:1.000:x-1.0
2009-07-30,-1.1797259703,81.3226397240,SPY:1.000:x-1.0
2009-07-29,0.2759793538,82.2934772470,SPY:1.000:x-1.0
2009-07-28,0.5384326959,82.0669893002,SPY:1.000:x-1.0
2009-07-27,-0.3378125888,81.6274802577,SPY:1.000:x-1.0
2009-07-24,-0.4627149914,81.9041628304,SPY:1.000:x-1.0
2009-07-23,-2.3890091058,82.2849074328,SPY:1.000:x-1.0
2009-07-22,0.0217890241,84.2988137698,SPY:1.000:x-1.0
2009-07-21,-0.4943339500,84.2804498823,SPY:1.000:x-1.0
2009-07-20,-1.1148590704,84.6991465189,SPY:1.000:x-1.0
2009-07-17,0.0228741351,85.6540686726,SPY:1.000:x-1.0
2009-07-16,-0.9824183913,85.6344805259,SPY:1.000:x-1.0
2009-07-15,-2.8401666965,86.4841163909,SPY:1.000:x-1.0
2009-07-14,-0.5417014350,89.0122115800,SPY:1.000:x-1.0
2009-07-13,-2.2334265042,89.4970182119,SPY:1.000:x-1.0
2009-07-10,0.2198126231,91.5415310282,SPY:1.000:x-1.0
2009-07-09,-0.1779454657,91.3407525241,SPY:1.000:x-1.0
2009-07-08,0.0629225517,91.5035789939,SPY:1.000:x-1.0
2009-07-07,1.8489480358,91.4460388129,SPY:1.000:x-1.0
2009-07-06,0.0109094380,89.7859433764,SPY:1.000:x-1.0
2009-07-02,2.7519722000,89.7761493030,SPY:1.000:x-1.0
2009-07-01,-0.4130443883,87.3717042902,SPY:1.000:x-1.0
2009-06-30,0.8219524532,87.7340850050,SPY:1.000:x-1.0
2009-06-29,-0.9339810420,87.0188315840,SPY:1.000:x-1.0
2009-06-26,0.2609690745,87.8392333711,SPY:1.000:x-1.0
2009-06-25,-2.0892259343,87.6105968075,SPY:1.000:x-1.0
2009-06-24,-0.8104848000,89.4800369454,SPY:1.000:x-1.0
2009-06-23,-0.0744873913,90.2111848868,SPY:1.000:x-1.0
2009-06-22,3.0005440317,90.2784309349,SPY:1.000:x-1.0
2009-06-19,-0.3669163736,87.6484991255,SPY:1.000:x-1.0
2009-06-18,-0.7161584104,87.9712801565,SPY:1.000:x-1.0
2009-06-17,0.0966850829,88.6058383197,SPY:1.000:x-1.0
2009-06-16,1.3679066967,88.5202524403,SPY:1.000:x-1.0
2009-06-15,2.4220609746,87.3257180945,SPY:1.000:x-1.0
2009-06-12,-0.2874097376,85.2606530894,SPY:1.000:x-1.0
2009-06-11,-0.4639842872,85.5064068289,SPY:1.000:x-1.0
2009-06-10,0.2654298965,85.9049924960,SPY:1.000:x-1.0
2009-06-09,-0.5280565532,85.6775785878,SPY:1.000:x-1.0
2009-06-08,0.4305367453,86.1324064042,SPY:1.000:x-1.0
2009-06-05,-0.0213797035,85.7631644672,SPY:1.000:x-1.0
2009-06-04,-0.9627057395,85.7815042985,SPY:1.000:x-1.0
2009-06-03,1.3302437350,86.6153552953,SPY:1.000:x-1.0
2009-06-02,-0.0886043388,85.4782857542,SPY:1.000:x-1.0
2009-06-01,-2.4208618045,85.5540903903,SPY:1.000:x-1.0
2009-05-29,-1.9188781943,87.6766202002,SPY:1.000:x-1.0
2009-05-28,-1.4680261184,89.3919426961,SPY:1.000:x-1.0
2009-05-27,1.9523346153,90.7237916532,SPY:1.000:x-1.0
2009-05-26,-2.6567433469,88.9864778433,SPY:1.000:x-1.0
2009-05-22,0.2215089734,91.4151435886,SPY:1.000:x-1.0
2009-05-21,1.5407919701,91.2130983908,SPY:1.000:x-1.0
2009-05-20,0.7290045158,89.8290200628,SPY:1.000:x-1.0
2009-05-19,0.1311768882,89.1789018412,SPY:1.000:x-1.0
2009-05-18,-2.9257988644,89.0620729853,SPY:1.000:x-1.0
2009-05-15,0.8551786659,91.7463877565,SPY:1.000:x-1.0
2009-05-14,-0.8820798514,90.9684450220,SPY:1.000:x-1.0
2009-05-13,2.7308112432,91.7780002704,SPY:1.000:x-1.0
2009-05-12,0.3225806452,89.3383388681,SPY:1.000:x-1.0
2009-05-11,2.1263851453,89.0510773283,SPY:1.000:x-1.0
2009-05-08,-2.5244299674,87.1969346625,SPY:1.000:x-1.0
2009-05-07,1.5477750733,89.4551677239,SPY:1.000:x-1.0
2009-05-06,-1.8634491418,88.0917062529,SPY:1.000:x-1.0
2009-05-05,0.3688392322,89.7644205778,SPY:1.000:x-1.0
2009-05-04,-3.4383996676,89.4345508670,SPY:1.000:x-1.0
2009-05-01,-0.5372693727,92.6191680328,SPY:1.000:x-1.0
2009-04-30,-0.0432214378,93.1194704274,SPY:1.000:x-1.0
2009-04-29,-2.4763778145,93.1597354045,SPY:1.000:x-1.0
2009-04-28,0.3684182693,95.5253028105,SPY:1.000:x-1.0
2009-04-27,1.1338313159,95.1746619681,SPY:1.000:x-1.0
2009-04-24,-1.7515282084,94.1076400743,SPY:1.000:x-1.0
2009-04-23,-1.1136898988,95.7853474545,SPY:1.000:x-1.0
2009-04-22,0.7029110634,96.8641132999,SPY:1.000:x-1.0
2009-04-21,-2.1571070191,96.1879972257,SPY:1.000:x-1.0
2009-04-20,5.0728016067,98.3086193542,SPY:1.000:x-1.0
2009-04-17,-0.7986907875,93.5623851758,SPY:1.000:x-1.0
2009-04-16,-1.6944706746,94.3156757894,SPY:1.000:x-1.0
2009-04-15,-1.2058599959,95.9413742408,SPY:1.000:x-1.0
2009-04-14,2.0216084742,97.1124139921,SPY:1.000:x-1.0
2009-04-13,-0.0264307866,95.1880836271,SPY:1.000:x-1.0
2009-04-09,-4.2871116808,95.2132492378,SPY:1.000:x-1.0
2009-04-08,-1.1371215153,99.4779813981,SPY:1.000:x-1.0
2009-04-07,2.5844522364,100.6221778314,SPY:1.000:x-1.0
2009-04-06,0.8834745397,98.0871619800,SPY:1.000:x-1.0
2009-04-03,-1.0990323737,97.2281758014,SPY:1.000:x-1.0
2009-04-02,-3.0380752238,98.3086193542,SPY:1.000:x-1.0
2009-04-01,-1.9374624759,101.3888901041,SPY:1.000:x-1.0
2009-03-31,-1.0736981884,103.3920727160,SPY:1.000:x-1.0
2009-03-30,4.3262285024,104.5142402198,SPY:1.000:x-1.0
2009-03-27,2.3537990966,100.1802151962,SPY:1.000:x-1.0
2009-03-26,-2.5388427142,97.8764013456,SPY:1.000:x-1.0
2009-03-25,-1.2842999688,100.4260610804,SPY:1.000:x-1.0
2009-03-24,2.5091897075,101.7326129975,SPY:1.000:x-1.0
2009-03-23,-7.8616525853,99.2424321056,SPY:1.000:x-1.0
2009-03-20,2.4399901948,107.7102367149,SPY:1.000:x-1.0
2009-03-19,1.4558463422,105.1447159552,SPY:1.000:x-1.0
2009-03-18,-2.5103510015,103.6359359721,SPY:1.000:x-1.0
2009-03-17,-3.2218471924,106.3045533929,SPY:1.000:x-1.0
2009-03-16,0.3205012132,109.8435445490,SPY:1.000:x-1.0
2009-03-13,-0.8153735632,109.4926193755,SPY:1.000:x-1.0
2009-03-12,-3.8026295330,110.3927325323,SPY:1.000:x-1.0
2009-03-11,-0.6215339182,114.7564969774,SPY:1.000:x-1.0
2009-03-10,-5.0906839181,115.4742083491,SPY:1.000:x-1.0
2009-03-09,1.0256156987,121.6679385293,SPY:1.000:x-1.0
2009-03-06,-0.1512262476,120.4327612238,SPY:1.000:x-1.0
2009-03-05,3.8493709565,120.6151630089,SPY:1.000:x-1.0
2009-03-04,-2.1350172906,116.1443366465,SPY:1.000:x-1.0
2009-03-03,0.6862794570,118.6781353565,SPY:1.000:x-1.0
2009-03-02,4.5053438335,117.8692230923,SPY:1.000:x-1.0
2009-02-27,1.8763350846,112.7877472755,SPY:1.000:x-1.0
2009-02-26,1.4095226943,110.7104482919,SPY:1.000:x-1.0
2009-02-25,0.6897263201,109.1716491217,SPY:1.000:x-1.0
2009-02-24,-3.1086677138,108.4238214876,SPY:1.000:x-1.0
2009-02-23,3.1384851029,111.9024983240,SPY:1.000:x-1.0
2009-02-20,0.8705599216,108.4973259132,SPY:1.000:x-1.0
2009-02-19,0.9795979598,107.5609434483,SPY:1.000:x-1.0
2009-02-18,0.2195026611,106.5175001896,SPY:1.000:x-1.0
2009-02-17,4.2702617965,106.2842035345,SPY:1.000:x-1.0
2009-02-13,1.0983089529,101.9314632027,SPY:1.000:x-1.0
2009-02-12,-0.0744330419,100.8241030523,SPY:1.000:x-1.0
2009-02-11,-0.5935045103,100.8992054001,SPY:1.000:x-1.0
2009-02-10,5.0802315964,101.5016221054,SPY:1.000:x-1.0
2009-02-09,-0.1552589852,96.5944027372,SPY:1.000:x-1.0
2009-02-06,-2.9696940558,96.7446074329,SPY:1.000:x-1.0
2009-02-05,-1.5058957238,99.7055574457,SPY:1.000:x-1.0
2009-02-04,0.4997144489,101.2299753152,SPY:1.000:x-1.0
2009-02-03,-1.3953197347,100.7266297923,SPY:1.000:x-1.0
2009-02-02,0.3012426258,102.1519764795,SPY:1.000:x-1.0
2009-01-30,1.7922700733,101.8451753988,SPY:1.000:x-1.0
2009-01-29,3.0517513367,100.0519738144,SPY:1.000:x-1.0
2009-01-28,-2.9810922093,97.0890572131,SPY:1.000:x-1.0
2009-01-27,-0.8780173455,100.0723048981,SPY:1.000:x-1.0
2009-01-26,-0.5859192526,100.9587401485,SPY:1.000:x-1.0
2009-01-23,-0.3683412675,101.5537631988,SPY:1.000:x-1.0
2009-01-22,1.3490384227,101.9292105449,SPY:1.000:x-1.0
2009-01-21,-3.4833959859,100.5724495577,SPY:1.000:x-1.0
2009-01-20,4.7055458706,104.2022257052,SPY:1.000:x-1.0
2009-01-16,-0.6871178921,99.5192994208,SPY:1.000:x-1.0
2009-01-15,-0.0310999932,100.2078454563,SPY:1.000:x-1.0
2009-01-14,2.9340125545,100.2390197847,SPY:1.000:x-1.0
2009-01-13,-0.1709045436,97.3818248187,SPY:1.000:x-1.0
2009-01-12,2.3420502538,97.5485397052,SPY:1.000:x-1.0
2009-01-09,2.1824733730,95.3161867124,SPY:1.000:x-1.0
2009-01-08,-0.4138509847,93.2803675289,SPY:1.000:x-1.0
2009-01-07,3.2171822024,93.6680135252,SPY:1.000:x-1.0
2009-01-06,-0.7074002669,90.7484699025,SPY:1.000:x-1.0
2009-01-05,0.1262157547,91.3949983649,SPY:1.000:x-1.0
2009-01-02,-3.0141997177,91.2797888905,SPY:1.000:x-1.0
2008-12-31,-1.4159958302,94.1166527727,SPY:1.000:x-1.0
2008-12-30,-2.2433583853,95.4684825041,SPY:1.000:x-1.0
2008-12-29,0.2739142776,97.6593313020,SPY:1.000:x-1.0
2008-12-26,-0.5434399040,97.3925591771,SPY:1.000:x-1.0
2008-12-24,-0.5405025972,97.9247211879,SPY:1.000:x-1.0
2008-12-23,0.9824631045,98.4568831987,SPY:1.000:x-1.0
2008-12-22,1.2473445484,97.4989915792,SPY:1.000:x-1.0
2008-12-19,0.4223423423,96.2978258976,SPY:1.000:x-1.0
2008-12-18,1.9066645122,95.8928298738,SPY:1.000:x-1.0
2008-12-17,1.0074482922,94.0986836659,SPY:1.000:x-1.0
2008-12-16,-4.4677533664,93.1601433922,SPY:1.000:x-1.0
2008-12-15,1.3591172921,97.5169606861,SPY:1.000:x-1.0
2008-12-12,-1.1377032881,96.2093626023,SPY:1.000:x-1.0
2008-12-11,2.4087623093,97.3165360327,SPY:1.000:x-1.0
2008-12-10,-0.6732644658,95.0275482666,SPY:1.000:x-1.0
2008-12-09,1.6820919642,95.6716716355,SPY:1.000:x-1.0
2008-12-08,-3.3275105449,94.0890079929,SPY:1.000:x-1.0
2008-12-05,-2.7713338857,97.3275939446,SPY:1.000:x-1.0
2008-12-04,2.1755692881,100.1017475958,SPY:1.000:x-1.0
2008-12-03,-2.1603191475,97.9703350745,SPY:1.000:x-1.0
2008-12-02,-3.2222296440,100.1335390926,SPY:1.000:x-1.0
2008-12-01,8.8578325868,103.4674995345,SPY:1.000:x-1.0
2008-11-28,-1.0699938679,95.0482818514,SPY:1.000:x-1.0
2008-11-26,-3.0654826892,96.0762922874,SPY:1.000:x-1.0
2008-11-25,-0.5789130907,99.1146342425,SPY:1.000:x-1.0
2008-11-24,-4.8278236915,99.6917629083,SPY:1.000:x-1.0
2008-11-21,-3.4435368570,104.7488528424,SPY:1.000:x-1.0
2008-11-20,5.3942926561,108.4845586020,SPY:1.000:x-1.0
2008-11-19,5.2354025814,102.9320998965,SPY:1.000:x-1.0
2008-11-18,-1.4882718367,97.8112853389,SPY:1.000:x-1.0
2008-11-17,1.0746502491,99.2889751937,SPY:1.000:x-1.0
2008-11-14,4.4395868487,98.2333106758,SPY:1.000:x-1.0
2008-11-13,-4.9604548602,94.0575443085,SPY:1.000:x-1.0
2008-11-12,3.8022094431,98.9667450219,SPY:1.000:x-1.0
2008-11-11,2.8309104820,95.3416555899,SPY:1.000:x-1.0
2008-11-10,1.2313751231,92.7169225119,SPY:1.000:x-1.0
2008-11-07,-2.9172614192,91.5891169108,SPY:1.000:x-1.0
2008-11-06,5.4680359159,94.3412992358,SPY:1.000:x-1.0
2008-11-05,4.5254654022,89.4501337932,SPY:1.000:x-1.0
2008-11-04,-3.4181887264,85.5773599754,SPY:1.000:x-1.0
2008-11-03,-0.2895491692,88.6060831195,SPY:1.000:x-1.0
2008-10-31,-0.3901044785,88.8633863163,SPY:1.000:x-1.0
2008-10-30,-2.3184304848,89.2114039986,SPY:1.000:x-1.0
2008-10-29,0.4919384650,91.3287987093,SPY:1.000:x-1.0
2008-10-28,-6.6271937976,90.8817165877,SPY:1.000:x-1.0
2008-10-27,2.1323330019,97.3321037291,SPY:1.000:x-1.0
2008-10-24,3.3143134636,95.2999905792,SPY:1.000:x-1.0
2008-10-23,-0.7424778925,92.2427758403,SPY:1.000:x-1.0
2008-10-22,3.8345300198,92.9327811956,SPY:1.000:x-1.0
2008-10-21,2.2155323377,89.5008444473,SPY:1.000:x-1.0
2008-10-20,-4.0360268502,87.5609042973,SPY:1.000:x-1.0
2008-10-17,0.4057141232,91.2435171485,SPY:1.000:x-1.0
2008-10-16,-2.6422163978,90.8748251485,SPY:1.000:x-1.0
2008-10-15,7.4395407177,93.3410989714,SPY:1.000:x-1.0
2008-10-14,1.1483531913,86.8777903813,SPY:1.000:x-1.0
2008-10-13,-8.9557690201,85.8914531381,SPY:1.000:x-1.0
2008-10-10,1.5569795154,94.3403576631,SPY:1.000:x-1.0
2008-10-09,5.0643517571,92.8940168498,SPY:1.000:x-1.0
2008-10-08,1.9103410614,88.4163041947,SPY:1.000:x-1.0
2008-10-07,3.6855922170,86.7589130542,SPY:1.000:x-1.0
2008-10-06,4.6194774142,83.6749939882,SPY:1.000:x-1.0
2008-10-03,1.2574569487,79.9803211183,SPY:1.000:x-1.0
2008-10-02,3.6313291139,78.9870924359,SPY:1.000:x-1.0
2008-10-01,-0.0598646832,76.2193181456,SPY:1.000:x-1.0
2008-09-30,-3.1857686040,76.2649739307,SPY:1.000:x-1.0
2008-09-29,7.0017048977,78.7745487735,SPY:1.000:x-1.0
2008-09-26,-0.0445399795,73.6199005883,SPY:1.000:x-1.0
2008-09-25,-1.3553396945,73.6527054882,SPY:1.000:x-1.0
2008-09-24,-0.2762246754,74.6646653353,SPY:1.000:x-1.0
2008-09-23,2.0470252039,74.8714788347,SPY:1.000:x-1.0
2008-09-22,2.1293281449,73.3695849390,SPY:1.000:x-1.0
2008-09-19,-3.4670448665,71.8398781934,SPY:1.000:x-1.0
2008-09-18,-2.4546644233,74.4200548860,SPY:1.000:x-1.0
2008-09-17,4.0519773572,76.2927867806,SPY:1.000:x-1.0
2008-09-16,-1.4615819588,73.3218038891,SPY:1.000:x-1.0
2008-09-15,4.5627643156,74.4093576360,SPY:1.000:x-1.0
2008-09-12,-0.4390078423,71.1623856953,SPY:1.000:x-1.0
2008-09-11,-1.3377959344,71.4761716944,SPY:1.000:x-1.0
2008-09-10,-0.3716998156,72.4453425417,SPY:1.000:x-1.0
2008-09-09,2.8868954522,72.7156263909,SPY:1.000:x-1.0
2008-09-08,-1.9296804647,70.6753042467,SPY:1.000:x-1.0
2008-09-05,-0.2920601091,72.0659467427,SPY:1.000:x-1.0
2008-09-04,2.9676514813,72.2770391421,SPY:1.000:x-1.0
2008-09-03,0.0854144635,70.1939279981,SPY:1.000:x-1.0
2008-09-02,0.6210544625,70.1340233983,SPY:1.000:x-1.0
2008-08-29,1.1333923864,69.7011413495,SPY:1.000:x-1.0
2008-08-28,-1.2467855487,68.9200072348,SPY:1.000:x-1.0
2008-08-27,-0.9819984346,69.7901406225,SPY:1.000:x-1.0
2008-08-26,-0.2923854910,70.4822754643,SPY:1.000:x-1.0
2008-08-25,2.1209223249,70.6889597263,SPY:1.000:x-1.0
2008-08-22,-1.4699415792,69.2208394880,SPY:1.000:x-1.0
2008-08-21,-0.1745383096,70.2535252668,SPY:1.000:x-1.0
2008-08-20,-0.4660404248,70.3763589741,SPY:1.000:x-1.0
2008-08-19,1.1171068825,70.7058769434,SPY:1.000:x-1.0
2008-08-18,1.4415894831,69.9247428287,SPY:1.000:x-1.0
2008-08-15,-0.5074633204,68.9310402025,SPY:1.000:x-1.0
2008-08-14,-0.7753081218,69.2826241073,SPY:1.000:x-1.0
2008-08-13,0.6275307935,69.8239750569,SPY:1.000:x-1.0
2008-08-12,1.1060381969,69.3885405974,SPY:1.000:x-1.0
2008-08-11,-1.0782099806,68.6294724181,SPY:1.000:x-1.0
2008-08-08,-1.8634121980,69.3775076297,SPY:1.000:x-1.0
2008-08-07,1.5392416831,70.6948439757,SPY:1.000:x-1.0
2008-08-06,-0.4543112242,69.6231750443,SPY:1.000:x-1.0
2008-08-05,-2.6196401323,69.9409245147,SPY:1.000:x-1.0
2008-08-04,0.9177440858,71.8224132769,SPY:1.000:x-1.0
2008-08-01,0.5288311688,71.1692615878,SPY:1.000:x-1.0
2008-07-31,1.3339675711,70.7948762164,SPY:1.000:x-1.0
2008-07-30,-1.7355607040,69.8629274204,SPY:1.000:x-1.0
2008-07-29,-1.9947219041,71.0968565239,SPY:1.000:x-1.0
2008-07-28,1.4098304366,72.5439057011,SPY:1.000:x-1.0
2008-07-25,0.0232332619,71.5353781667,SPY:1.000:x-1.0
2008-07-24,2.0819369541,71.5187620254,SPY:1.000:x-1.0
2008-07-23,-0.5374303853,70.0601537935,SPY:1.000:x-1.0
2008-07-22,-1.1005619459,70.4387128393,SPY:1.000:x-1.0
2008-07-21,-0.0537312828,71.2225612453,SPY:1.000:x-1.0
2008-07-18,-0.5965877599,71.2608506144,SPY:1.000:x-1.0
2008-07-17,-0.9393842591,71.6885356433,SPY:1.000:x-1.0
2008-07-16,-2.2006131256,72.3683525558,SPY:1.000:x-1.0
2008-07-15,1.2985471700,73.9967344056,SPY:1.000:x-1.0
2008-07-14,0.8477703639,73.0481694682,SPY:1.000:x-1.0
2008-07-11,1.1174423882,72.4340946801,SPY:1.000:x-1.0
2008-07-10,-0.3897813005,71.6336301328,SPY:1.000:x-1.0
2008-07-09,1.9041184239,71.9139372126,SPY:1.000:x-1.0
2008-07-08,-1.6957169310,70.5701970880,SPY:1.000:x-1.0
2008-07-07,0.9950299322,71.7875100503,SPY:1.000:x-1.0
2008-07-03,-0.1005198603,71.0802403826,SPY:1.000:x-1.0
2008-07-02,1.7248858683,71.1517620344,SPY:1.000:x-1.0
2008-07-01,-0.3130083812,69.9452856860,SPY:1.000:x-1.0
2008-06-30,-0.2960660549,70.1649077279,SPY:1.000:x-1.0
2008-06-27,0.4631648727,70.3732590597,SPY:1.000:x-1.0
2008-06-26,2.4274316754,70.0488175430,SPY:1.000:x-1.0
2008-06-25,-0.4190391459,68.3887278996,SPY:1.000:x-1.0
2008-06-24,0.1764674426,68.6765093578,SPY:1.000:x-1.0
2008-06-23,0.0874188254,68.5555311652,SPY:1.000:x-1.0
2008-06-20,1.4919968132,68.4956530698,SPY:1.000:x-1.0
2008-06-19,-0.1166523489,67.4887234665,SPY:1.000:x-1.0
2008-06-18,0.9097711428,67.5675425920,SPY:1.000:x-1.0
2008-06-17,0.4565038042,66.9583746219,SPY:1.000:x-1.0
2008-06-16,-0.0549702245,66.6540961374,SPY:1.000:x-1.0
2008-06-13,-1.1626854049,66.6907561958,SPY:1.000:x-1.0
2008-06-12,-0.3474133497,67.4752814450,SPY:1.000:x-1.0
2008-06-11,1.3814050078,67.7105168196,SPY:1.000:x-1.0
2008-06-10,0.4724481824,66.7879053505,SPY:1.000:x-1.0
2008-06-09,-0.2283481897,66.4738508504,SPY:1.000:x-1.0
2008-06-06,3.2085865183,66.6259900927,SPY:1.000:x-1.0
2008-06-05,-1.9343221519,64.5546967944,SPY:1.000:x-1.0
2008-06-04,0.0492176255,65.8280228220,SPY:1.000:x-1.0
2008-06-03,0.5715726654,65.7956397705,SPY:1.000:x-1.0
2008-06-02,1.0322799800,65.4217071750,SPY:1.000:x-1.0
2008-05-30,-0.2560943669,64.7532721106,SPY:1.000:x-1.0
2008-05-29,-0.5095787289,64.9195273632,SPY:1.000:x-1.0
2008-05-28,-0.4649420263,65.2520378684,SPY:1.000:x-1.0
2008-05-27,-0.7342493969,65.5568391648,SPY:1.000:x-1.0
2008-05-23,1.3648182337,66.0417503182,SPY:1.000:x-1.0
2008-05-22,-0.0144966754,65.1525366187,SPY:1.000:x-1.0
2008-05-21,1.7824119614,65.1619829399,SPY:1.000:x-1.0
2008-05-20,0.8691855850,64.0208673426,SPY:1.000:x-1.0
2008-05-19,-0.2908644809,63.4692021863,SPY:1.000:x-1.0
2008-05-16,-0.0968609156,63.6543500812,SPY:1.000:x-1.0
2008-05-15,-1.2965221209,63.7160660462,SPY:1.000:x-1.0
2008-05-14,-0.2131926327,64.5530101018,SPY:1.000:x-1.0
2008-05-13,-0.0146001032,64.6909263909,SPY:1.000:x-1.0
2008-05-12,-1.1335970053,64.7003727121,SPY:1.000:x-1.0
2008-05-09,0.1889684828,65.4422238013,SPY:1.000:x-1.0
2008-05-08,0.2629314928,65.3187918713,SPY:1.000:x-1.0
2008-05-07,1.8810506308,65.1474985808,SPY:1.000:x-1.0
2008-05-06,-0.8988873707,63.9446670185,SPY:1.000:x-1.0
2008-05-05,0.5032026445,64.5246711383,SPY:1.000:x-1.0
2008-05-02,-0.2875558729,64.2016069543,SPY:1.000:x-1.0
2008-05-01,-2.0689456998,64.3867548492,SPY:1.000:x-1.0
2008-04-30,0.6565270884,65.7470250977,SPY:1.000:x-1.0
2008-04-29,0.4431755231,65.3181934640,SPY:1.000:x-1.0
2008-04-28,-0.0244964906,65.0299964371,SPY:1.000:x-1.0
2008-04-25,-1.0183750277,65.0459304073,SPY:1.000:x-1.0
2008-04-24,-0.4752911552,65.7151571572,SPY:1.000:x-1.0
2008-04-23,0.1744723787,66.0289870927,SPY:1.000:x-1.0
2008-04-22,0.4858265388,65.9139853945,SPY:1.000:x-1.0
2008-04-21,-0.0559443512,65.5953059898,SPY:1.000:x-1.0
2008-04-18,-1.1261167237,65.6320233995,SPY:1.000:x-1.0
2008-04-17,-0.1573457543,66.3795344379,SPY:1.000:x-1.0
2008-04-16,-2.7621006556,66.4841444164,SPY:1.000:x-1.0
2008-04-15,-0.2365380533,68.3726662800,SPY:1.000:x-1.0
2008-04-14,0.3438552359,68.5347771076,SPY:1.000:x-1.0
2008-04-11,2.0643104127,68.2999242419,SPY:1.000:x-1.0
2008-04-10,-0.1488556720,66.9185183007,SPY:1.000:x-1.0
2008-04-09,0.7792478383,67.0182788100,SPY:1.000:x-1.0
2008-04-08,0.1105502482,66.5000783867,SPY:1.000:x-1.0
2008-04-07,-0.0552445876,66.4266435673,SPY:1.000:x-1.0
2008-04-04,0.1179245283,66.4633609770,SPY:1.000:x-1.0
2008-04-03,-0.2674826449,66.3850766884,SPY:1.000:x-1.0
2008-04-02,-0.0707235645,66.5631214863,SPY:1.000:x-1.0
2008-04-01,-3.5152330109,66.6102306157,SPY:1.000:x-1.0
2008-03-31,-0.3418534745,69.0370435607,SPY:1.000:x-1.0
2008-03-28,0.9510209344,69.2738586534,SPY:1.000:x-1.0
2008-03-27,0.3153538529,68.6212561421,SPY:1.000:x-1.0
2008-03-26,1.2550868286,68.4055366467,SPY:1.000:x-1.0
2008-03-25,-0.0986173446,67.5576297341,SPY:1.000:x-1.0
2008-03-24,-1.9661230973,67.6243190419,SPY:1.000:x-1.0
2008-03-20,-1.7580756147,68.9805618000,SPY:1.000:x-1.0
2008-03-19,2.4698591773,70.2149944961,SPY:1.000:x-1.0
2008-03-18,-3.8252514351,68.5225831868,SPY:1.000:x-1.0
2008-03-17,0.9497271342,71.2479982628,SPY:1.000:x-1.0
2008-03-14,1.4992855885,70.5777026698,SPY:1.000:x-1.0
2008-03-13,-0.2128906250,69.5351718592,SPY:1.000:x-1.0
2008-03-12,0.9185161824,69.6835215437,SPY:1.000:x-1.0
2008-03-11,-3.2938126644,69.0492926172,SPY:1.000:x-1.0
2008-03-10,1.2398807399,71.4011114693,SPY:1.000:x-1.0
2008-03-07,0.9880633374,70.5266649343,SPY:1.000:x-1.0
2008-03-06,2.0697406111,69.8366347502,SPY:1.000:x-1.0
2008-03-05,-0.6236718557,68.4205077157,SPY:1.000:x-1.0
2008-03-04,0.3799904754,68.8499051971,SPY:1.000:x-1.0
2008-03-03,0.2396793667,68.5892724945,SPY:1.000:x-1.0
2008-02-29,2.2125047059,68.4252712377,SPY:1.000:x-1.0
2008-02-28,0.9885064194,66.9441292282,SPY:1.000:x-1.0
2008-02-27,0.1024650155,66.2888595957,SPY:1.000:x-1.0
2008-02-26,-0.7496513250,66.2210062314,SPY:1.000:x-1.0
2008-02-25,-1.2292768791,66.7211824598,SPY:1.000:x-1.0
2008-02-22,-0.5924531173,67.5515783944,SPY:1.000:x-1.0
2008-02-21,0.8139434554,67.9541750227,SPY:1.000:x-1.0
2008-02-20,-0.2877408994,67.4055321055,SPY:1.000:x-1.0
2008-02-19,-0.2717054522,67.6000450832,SPY:1.000:x-1.0
2008-02-15,0.0209781541,67.7842185006,SPY:1.000:x-1.0
2008-02-14,0.8675662938,67.7700016052,SPY:1.000:x-1.0
2008-02-13,-0.9875626155,67.1871088947,SPY:1.000:x-1.0
2008-02-12,-0.8797598595,67.8572416451,SPY:1.000:x-1.0
2008-02-11,-0.4800420859,68.4595210311,SPY:1.000:x-1.0
2008-02-08,0.6115196310,68.7897407374,SPY:1.000:x-1.0
2008-02-07,-0.6218064322,68.3716347688,SPY:1.000:x-1.0
2008-02-06,0.7685609359,68.7994340752,SPY:1.000:x-1.0
2008-02-05,2.6944012442,68.2747013912,SPY:1.000:x-1.0
2008-02-04,1.3027167010,66.4833725734,SPY:1.000:x-1.0
2008-02-01,-1.6092154469,65.6284201831,SPY:1.000:x-1.0
2008-01-31,-1.5614438286,66.7017957843,SPY:1.000:x-1.0
2008-01-30,0.6386000119,67.7598274279,SPY:1.000:x-1.0
2008-01-29,-0.4258958206,67.3298589407,SPY:1.000:x-1.0
2008-01-28,-1.3802950976,67.6178404973,SPY:1.000:x-1.0
2008-01-25,1.2384607581,68.5642291916,SPY:1.000:x-1.0
2008-01-24,-0.7126010357,67.7254757511,SPY:1.000:x-1.0
2008-01-23,-1.9415637860,68.2115519770,SPY:1.000:x-1.0
2008-01-22,0.8348963434,69.5621454009,SPY:1.000:x-1.0
2008-01-18,0.8621844238,68.9861822875,SPY:1.000:x-1.0
2008-01-17,2.2834490612,68.3964785035,SPY:1.000:x-1.0
2008-01-16,0.7713346505,66.8695464723,SPY:1.000:x-1.0
2008-01-15,2.0578342109,66.3577064889,SPY:1.000:x-1.0
2008-01-14,-0.7420355723,65.0197086798,SPY:1.000:x-1.0
2008-01-11,0.7546804276,65.5057849057,SPY:1.000:x-1.0
2008-01-10,-0.6056892779,65.0151284563,SPY:1.000:x-1.0
2008-01-09,-0.9510433735,65.4113177947,SPY:1.000:x-1.0
2008-01-08,1.5083646476,66.0393809511,SPY:1.000:x-1.0
2008-01-07,0.0792651242,65.0580680522,SPY:1.000:x-1.0
2008-01-04,2.4053898048,65.0065405371,SPY:1.000:x-1.0
2008-01-03,0.0478240077,63.4796085059,SPY:1.000:x-1.0
2008-01-02,0.8756519602,63.4492645248,SPY:1.000:x-1.0
2007-12-31,0.7342525685,62.8984926411,SPY:1.000:x-1.0
2007-12-28,0.2498561979,62.4400251526,SPY:1.000:x-1.0
2007-12-27,1.2853657648,62.2844037096,SPY:1.000:x-1.0
2007-12-26,-0.2179994913,61.4939811287,SPY:1.000:x-1.0
2007-12-24,-0.7455891236,61.6283305759,SPY:1.000:x-1.0
2007-12-21,-1.4062097226,62.0912763793,SPY:1.000:x-1.0
2007-12-20,-0.6069548009,62.9768631519,SPY:1.000:x-1.0
2007-12-19,0.0000000000,63.3614384444,SPY:1.000:x-1.0
2007-12-18,-0.5325412588,63.3614384444,SPY:1.000:x-1.0
2007-12-17,1.3989877388,63.7006707986,SPY:1.000:x-1.0
2007-12-14,1.2742302278,62.8218014983,SPY:1.000:x-1.0
2007-12-13,0.2098028577,62.0313789174,SPY:1.000:x-1.0
2007-12-12,-0.9769770128,61.9015077852,SPY:1.000:x-1.0
2007-12-11,2.8713819850,62.5122379804,SPY:1.000:x-1.0
2007-12-10,-0.7996052235,60.7673745353,SPY:1.000:x-1.0
2007-12-07,0.0210226130,61.2571902281,SPY:1.000:x-1.0
2007-12-06,-1.4342600768,61.2443150727,SPY:1.000:x-1.0
2007-12-05,-1.6236816450,62.1354997390,SPY:1.000:x-1.0
2007-12-04,0.8824870578,63.1610338524,SPY:1.000:x-1.0
2007-12-03,0.6588006588,62.6085217509,SPY:1.000:x-1.0
2007-11-30,-0.9127596537,62.1987559370,SPY:1.000:x-1.0
2007-11-29,-0.0305260379,62.7717107870,SPY:1.000:x-1.0
2007-11-28,-2.7348013096,62.7908783544,SPY:1.000:x-1.0
2007-11-27,-0.9624325463,64.5563667168,SPY:1.000:x-1.0
2007-11-26,1.9254759012,65.1837160146,SPY:1.000:x-1.0
2007-11-23,-1.4623010488,63.9523293252,SPY:1.000:x-1.0
2007-11-21,1.7981782577,64.9013829284,SPY:1.000:x-1.0
2007-11-20,-0.5318160143,63.7549551861,SPY:1.000:x-1.0
2007-11-19,1.2413059488,64.0958270588,SPY:1.000:x-1.0
2007-11-16,-0.1519657505,63.3099567989,SPY:1.000:x-1.0
2007-11-15,1.3178371577,63.4063126779,SPY:1.000:x-1.0
2007-11-14,0.2539461236,62.5815892410,SPY:1.000:x-1.0
2007-11-13,-2.6451863103,62.4230682788,SPY:1.000:x-1.0
2007-11-12,0.8777863809,64.1191389650,SPY:1.000:x-1.0
2007-11-09,1.2451933392,63.5612073435,SPY:1.000:x-1.0
2007-11-08,0.4650777202,62.7794814224,SPY:1.000:x-1.0
2007-11-07,2.6455971953,62.4888596586,SPY:1.000:x-1.0
2007-11-06,-1.2686303833,60.8782659617,SPY:1.000:x-1.0
2007-11-05,0.7277897195,61.6605099251,SPY:1.000:x-1.0
2007-11-02,-0.1073605370,61.2149934956,SPY:1.000:x-1.0
2007-11-01,2.3402083261,61.2807848753,SPY:1.000:x-1.0
2007-10-31,-1.0450203198,59.8794802919,SPY:1.000:x-1.0
2007-10-30,0.7087046650,60.5118413297,SPY:1.000:x-1.0
2007-10-29,-0.3363852273,60.0860089810,SPY:1.000:x-1.0
2007-10-26,-1.1614918757,60.2888116371,SPY:1.000:x-1.0
2007-10-25,-0.2341920375,60.9972902072,SPY:1.000:x-1.0
2007-10-24,0.1822875783,61.1404763345,SPY:1.000:x-1.0
2007-10-23,-0.7883009562,61.0292276334,SPY:1.000:x-1.0
2007-10-22,-0.5601638329,61.5141442205,SPY:1.000:x-1.0
2007-10-19,2.6543357094,61.8606652942,SPY:1.000:x-1.0
2007-10-18,0.3714802468,60.2611325344,SPY:1.000:x-1.0
2007-10-17,-0.3111079686,60.0381028418,SPY:1.000:x-1.0
2007-10-16,0.8197889934,60.2254690752,SPY:1.000:x-1.0
2007-10-15,0.8863877452,59.7357618742,SPY:1.000:x-1.0
2007-10-12,-0.5747177805,59.2109235045,SPY:1.000:x-1.0
2007-10-11,0.5039525692,59.5531862547,SPY:1.000:x-1.0
2007-10-10,0.1745766067,59.2545713202,SPY:1.000:x-1.0
2007-10-09,-0.9722234599,59.1513069757,SPY:1.000:x-1.0
2007-10-08,0.5555704902,59.7320358412,SPY:1.000:x-1.0
2007-10-05,-1.2101200382,59.4020157709,SPY:1.000:x-1.0
2007-10-04,-0.1590893021,60.1296567968,SPY:1.000:x-1.0
2007-10-03,0.2054697464,60.2254690752,SPY:1.000:x-1.0
2007-10-02,0.1392399450,60.1019776941,SPY:1.000:x-1.0
2007-10-01,-1.1276646119,60.0184080957,SPY:1.000:x-1.0
2007-09-28,0.3632594452,60.7029335962,SPY:1.000:x-1.0
2007-09-27,-0.6359135233,60.4832225774,SPY:1.000:x-1.0
2007-09-26,-0.5618716527,60.8703050791,SPY:1.000:x-1.0
2007-09-25,0.2109108713,61.2142506007,SPY:1.000:x-1.0
2007-09-24,0.1971753918,61.0854148200,SPY:1.000:x-1.0
2007-09-21,-0.2869184023,60.9652064354,SPY:1.000:x-1.0
2007-09-20,0.7611446554,61.1406301546,SPY:1.000:x-1.0
2007-09-19,-0.6301333735,60.6787768873,SPY:1.000:x-1.0
2007-09-18,-2.9649398603,61.0635587501,SPY:1.000:x-1.0
2007-09-17,0.5477135715,62.9293769305,SPY:1.000:x-1.0
2007-09-14,0.0064332914,62.5865817285,SPY:1.000:x-1.0
2007-09-13,-0.7063139356,62.5825556103,SPY:1.000:x-1.0
2007-09-12,-0.2566786511,63.0277292452,SPY:1.000:x-1.0
2007-09-11,-1.1383064879,63.1899242905,SPY:1.000:x-1.0
2007-09-10,0.1875191576,63.9175013554,SPY:1.000:x-1.0
2007-09-07,1.4014206182,63.7978681305,SPY:1.000:x-1.0
2007-09-06,-0.2307509896,62.9161482566,SPY:1.000:x-1.0
2007-09-05,0.8823827093,63.0616636696,SPY:1.000:x-1.0
2007-09-04,-1.0091901886,62.5100854837,SPY:1.000:x-1.0
2007-08-31,-0.9909326425,63.1473624701,SPY:1.000:x-1.0
2007-08-30,0.2690416551,63.7793730973,SPY:1.000:x-1.0
2007-08-29,-1.9092166570,63.6082404345,SPY:1.000:x-1.0
2007-08-28,2.2356607899,64.8462967332,SPY:1.000:x-1.0
2007-08-27,0.9646996938,63.4282560822,SPY:1.000:x-1.0
2007-08-24,-1.2494782246,62.8222104108,SPY:1.000:x-1.0
2007-08-23,0.0900583058,63.6170921240,SPY:1.000:x-1.0
2007-08-22,-1.1744412229,63.5598511988,SPY:1.000:x-1.0
2007-08-21,-0.1968810381,64.3151953658,SPY:1.000:x-1.0
2007-08-20,0.0476404247,64.4420695813,SPY:1.000:x-1.0
2007-08-17,-1.7480849378,64.4113837245,SPY:1.000:x-1.0
2007-08-16,-0.7043197683,65.5573824528,SPY:1.000:x-1.0
2007-08-15,1.3268004637,66.0223912056,SPY:1.000:x-1.0
2007-08-14,1.5179515469,65.1578762020,SPY:1.000:x-1.0
2007-08-13,-0.3536385374,64.1836002492,SPY:1.000:x-1.0
2007-08-10,0.4657370335,64.4113837245,SPY:1.000:x-1.0
2007-08-09,3.1345224647,64.1127867335,SPY:1.000:x-1.0
2007-08-08,-1.4334502924,62.1642348278,SPY:1.000:x-1.0
2007-08-07,-1.0737261073,63.0682873777,SPY:1.000:x-1.0
2007-08-06,-1.6325527188,63.7528180290,SPY:1.000:x-1.0
2007-08-03,2.6420313829,64.8108899753,SPY:1.000:x-1.0
2007-08-02,-0.8074384456,63.1426415691,SPY:1.000:x-1.0
2007-08-01,-0.4870848708,63.6566296702,SPY:1.000:x-1.0
2007-07-31,1.0816918186,63.9682091391,SPY:1.000:x-1.0
2007-07-30,-1.4577687249,63.2836748062,SPY:1.000:x-1.0
2007-07-27,1.9041839275,64.2198517197,SPY:1.000:x-1.0
2007-07-26,2.4057427990,63.0198380917,SPY:1.000:x-1.0
2007-07-25,-0.2076273852,61.5393593847,SPY:1.000:x-1.0
2007-07-24,1.8174996111,61.6673977903,SPY:1.000:x-1.0
2007-07-23,-0.3192818894,60.5666000696,SPY:1.000:x-1.0
2007-07-20,1.0769642149,60.7605976538,SPY:1.000:x-1.0
2007-07-19,-0.4095538067,60.1132000014,SPY:1.000:x-1.0
2007-07-18,0.1913681906,60.3604083515,SPY:1.000:x-1.0
2007-07-17,0.0552328525,60.2451183586,SPY:1.000:x-1.0
2007-07-16,0.0138101201,60.2118616299,SPY:1.000:x-1.0
2007-07-13,-0.3138824134,60.2035474477,SPY:1.000:x-1.0
2007-07-12,-1.6127284548,60.3931108015,SPY:1.000:x-1.0
2007-07-11,-0.7136453290,61.3830527597,SPY:1.000:x-1.0
2007-07-10,1.4073750818,61.8242586941,SPY:1.000:x-1.0
2007-07-09,-0.0136354959,60.9662350931,SPY:1.000:x-1.0
2007-07-06,-0.5379649554,60.9745492753,SPY:1.000:x-1.0
2007-07-05,0.1077088783,61.3043451684,SPY:1.000:x-1.0
2007-07-03,-0.3697257717,61.2383859898,SPY:1.000:x-1.0
2007-07-02,-0.9034529597,61.4656403027,SPY:1.000:x-1.0
2007-06-29,-0.0321010576,62.0260161817,SPY:1.000:x-1.0
2007-06-28,0.0121478216,62.0459335826,SPY:1.000:x-1.0
2007-06-27,-1.3431379263,62.0383972687,SPY:1.000:x-1.0
2007-06-26,0.9898764600,62.8830027276,SPY:1.000:x-1.0
2007-06-25,0.4655404525,62.2666399166,SPY:1.000:x-1.0
2007-06-22,0.9327524086,61.9781067580,SPY:1.000:x-1.0
2007-06-21,-0.5449187417,61.4053469057,SPY:1.000:x-1.0
2007-06-20,1.4003819223,61.7417894881,SPY:1.000:x-1.0
2007-06-19,-0.2486904069,60.8891094073,SPY:1.000:x-1.0
2007-06-18,0.1183118488,61.0409123005,SPY:1.000:x-1.0
2007-06-15,-0.5653883972,60.9687790108,SPY:1.000:x-1.0
2007-06-14,-0.6272737583,61.3154494477,SPY:1.000:x-1.0
2007-06-13,-1.4267040471,61.7024929945,SPY:1.000:x-1.0
2007-06-12,1.0620545802,62.5955461852,SPY:1.000:x-1.0
2007-06-11,-0.1665914691,61.9377336481,SPY:1.000:x-1.0
2007-06-08,-1.2314785455,62.0410888094,SPY:1.000:x-1.0
2007-06-07,1.7695796267,62.8146375948,SPY:1.000:x-1.0
2007-06-06,1.0772404309,61.7224103954,SPY:1.000:x-1.0
2007-06-05,0.4000495637,61.0645978583,SPY:1.000:x-1.0
2007-06-04,-0.0132742188,60.8212825827,SPY:1.000:x-1.0
2007-06-01,-0.4957556972,60.8293572046,SPY:1.000:x-1.0
2007-05-31,0.1122694467,61.1324246829,SPY:1.000:x-1.0
2007-05-30,-0.8595693735,61.0638686155,SPY:1.000:x-1.0
2007-05-29,-0.3792361234,61.5933058083,SPY:1.000:x-1.0
2007-05-25,-0.4332578766,61.8277790809,SPY:1.000:x-1.0
2007-05-24,0.9581791786,62.0968184379,SPY:1.000:x-1.0
2007-05-23,-0.0140475745,61.5074666987,SPY:1.000:x-1.0
2007-05-22,0.0834184702,61.5161082198,SPY:1.000:x-1.0
2007-05-21,0.0553304824,61.4648351946,SPY:1.000:x-1.0
2007-05-18,-0.9088374686,61.4308452116,SPY:1.000:x-1.0
2007-05-17,0.2067270086,61.9942723875,SPY:1.000:x-1.0
2007-05-16,-0.7054950948,61.8663778752,SPY:1.000:x-1.0
2007-05-15,-0.0268071732,62.3059432486,SPY:1.000:x-1.0
2007-05-14,0.2260598873,62.3226501894,SPY:1.000:x-1.0
2007-05-11,-0.8706513354,62.1820814461,SPY:1.000:x-1.0
2007-05-10,1.0862097777,62.7282255797,SPY:1.000:x-1.0
2007-05-09,-0.2805114010,62.0541869338,SPY:1.000:x-1.0
2007-05-08,0.1372034598,62.2287456600,SPY:1.000:x-1.0
2007-05-07,-0.0203909501,62.1434826518,SPY:1.000:x-1.0
2007-05-04,-0.3896115886,62.1561568828,SPY:1.000:x-1.0
2007-05-03,-0.5508984235,62.3992716765,SPY:1.000:x-1.0
2007-05-02,-0.5887292576,62.7449325205,SPY:1.000:x-1.0
2007-05-01,-0.2558289861,63.1165179279,SPY:1.000:x-1.0
2007-04-30,0.9216589862,63.2784024233,SPY:1.000:x-1.0
2007-04-27,0.0894346524,62.7005174696,SPY:1.000:x-1.0
2007-04-26,-0.1264552389,62.6444915863,SPY:1.000:x-1.0
2007-04-25,-1.0005265929,62.7238091290,SPY:1.000:x-1.0
2007-04-24,-0.0446907401,63.3577199659,SPY:1.000:x-1.0
2007-04-23,0.4138536255,63.3860476597,SPY:1.000:x-1.0
2007-04-20,-1.0157345073,63.1248033724,SPY:1.000:x-1.0
2007-04-19,0.0286343395,63.7725633041,SPY:1.000:x-1.0
2007-04-18,-0.1311507741,63.7543076792,SPY:1.000:x-1.0
2007-04-17,-0.2841719191,63.8380317520,SPY:1.000:x-1.0
2007-04-16,-0.9949280089,64.0199584967,SPY:1.000:x-1.0
2007-04-13,-0.4737912993,64.6633118982,SPY:1.000:x-1.0
2007-04-12,-0.4571582886,64.9711395042,SPY:1.000:x-1.0
2007-04-11,0.4232568501,65.2695245456,SPY:1.000:x-1.0
2007-04-10,-0.1218886943,64.9944311636,SPY:1.000:x-1.0
2007-04-09,-0.1429661615,65.0737487062,SPY:1.000:x-1.0
2007-04-05,-0.2783932184,65.1669153436,SPY:1.000:x-1.0
2007-04-04,-0.1145012460,65.3488420883,SPY:1.000:x-1.0
2007-04-03,-1.0784108431,65.4237531008,SPY:1.000:x-1.0
2007-04-02,-0.1121886290,66.1369814804,SPY:1.000:x-1.0
2007-03-30,-0.0223750644,66.2112629886,SPY:1.000:x-1.0
2007-03-29,-0.1078675270,66.2260811169,SPY:1.000:x-1.0
2007-03-28,0.7548980251,66.2975946928,SPY:1.000:x-1.0
2007-03-27,0.2473473955,65.8008652604,SPY:1.000:x-1.0
2007-03-26,0.1376043090,65.6385101152,SPY:1.000:x-1.0
2007-03-23,-0.1521158829,65.5483128123,SPY:1.000:x-1.0
2007-03-22,0.0795560576,65.6481741120,SPY:1.000:x-1.0
2007-03-21,-1.6593743058,65.5959885296,SPY:1.000:x-1.0
2007-03-20,-0.5484899716,66.7028382894,SPY:1.000:x-1.0
2007-03-19,-1.1742816187,67.0707144319,SPY:1.000:x-1.0
2007-03-16,0.2741473352,67.8676720296,SPY:1.000:x-1.0
2007-03-15,-0.1330887036,67.6821232922,SPY:1.000:x-1.0
2007-03-14,-0.7172991798,67.7723205951,SPY:1.000:x-1.0
2007-03-13,1.9455215480,68.2619630965,SPY:1.000:x-1.0
2007-03-12,-0.1489153200,66.9592563362,SPY:1.000:x-1.0
2007-03-09,-0.0288140151,67.0591176358,SPY:1.000:x-1.0
2007-03-08,-0.8286819195,67.0784456293,SPY:1.000:x-1.0
2007-03-07,0.0982046662,67.6389574401,SPY:1.000:x-1.0
2007-03-06,-1.6263822843,67.5725979959,SPY:1.000:x-1.0
2007-03-05,0.9219730602,68.6897560188,SPY:1.000:x-1.0
2007-03-02,1.3022007000,68.0622404973,SPY:1.000:x-1.0
2007-03-01,0.2981485934,67.1873266592,SPY:1.000:x-1.0
2007-02-28,-0.9662056965,66.9876040599,SPY:1.000:x-1.0
2007-02-27,3.9835439542,67.6411567698,SPY:1.000:x-1.0
2007-02-26,0.0915061338,65.0498667362,SPY:1.000:x-1.0
2007-02-23,0.4019484932,64.9903965370,SPY:1.000:x-1.0
2007-02-22,0.0775787760,64.7302144156,SPY:1.000:x-1.0
2007-02-21,0.0431179035,64.6800364350,SPY:1.000:x-1.0
2007-02-20,-0.2189418131,64.6521597791,SPY:1.000:x-1.0
2007-02-16,0.0487837541,64.7940209835,SPY:1.000:x-1.0
2007-02-15,-0.1337370920,64.7624274401,SPY:1.000:x-1.0
2007-02-14,-0.6651863661,64.8491548140,SPY:1.000:x-1.0
2007-02-13,-0.8393240242,65.2834111643,SPY:1.000:x-1.0
2007-02-12,0.3408393523,65.8359884318,SPY:1.000:x-1.0
2007-02-09,0.7581955517,65.6123557036,SPY:1.000:x-1.0
2007-02-08,0.1333612757,65.1186291541,SPY:1.000:x-1.0
2007-02-07,-0.2243047503,65.0319017802,SPY:1.000:x-1.0
2007-02-06,-0.0275552768,65.1780993532,SPY:1.000:x-1.0
2007-02-05,-0.0284973355,65.1960643093,SPY:1.000:x-1.0
2007-02-02,-0.1394422311,65.2146487465,SPY:1.000:x-1.0
2007-02-01,-0.5987459337,65.3057124890,SPY:1.000:x-1.0
2007-01-31,-0.6832591849,65.6990830774,SPY:1.000:x-1.0
2007-01-30,-0.5241583227,66.1510663139,SPY:1.000:x-1.0
2007-01-29,0.0778202640,66.4996296573,SPY:1.000:x-1.0
2007-01-26,0.0711456370,66.4479197108,SPY:1.000:x-1.0
2007-01-25,1.2134481584,66.4006785251,SPY:1.000:x-1.0
2007-01-24,-0.8193873415,65.6046007060,SPY:1.000:x-1.0
2007-01-23,-0.2982949078,66.1465975531,SPY:1.000:x-1.0
2007-01-22,0.3137095918,66.3444998177,SPY:1.000:x-1.0
2007-01-19,-0.1994104387,66.1370216371,SPY:1.000:x-1.0
2007-01-18,0.3421876812,66.2691692783,SPY:1.000:x-1.0
2007-01-17,-0.0425137203,66.0431776600,SPY:1.000:x-1.0
2007-01-16,0.2004085624,66.0712670137,SPY:1.000:x-1.0
2007-01-12,-0.7657129681,65.9391193725,SPY:1.000:x-1.0
2007-01-11,-0.4371406981,66.4479197108,SPY:1.000:x-1.0
2007-01-10,-0.3308227667,66.7396659524,SPY:1.000:x-1.0
2007-01-09,0.0839678632,66.9611888099,SPY:1.000:x-1.0
2007-01-08,-0.4549728821,66.9050101025,SPY:1.000:x-1.0
2007-01-05,0.7975260417,67.2108010210,SPY:1.000:x-1.0
2007-01-04,-0.2111417898,66.6790184843,SPY:1.000:x-1.0
2007-01-03,0.1770606026,66.8201036471,SPY:1.000:x-1.0
2006-12-29,0.4294557266,66.7020006827,SPY:1.000:x-1.0
2006-12-28,0.2186603344,66.4167700603,SPY:1.000:x-1.0
2006-12-27,-0.6741617202,66.2718597901,SPY:1.000:x-1.0
2006-12-26,-0.5978430760,66.7216717601,SPY:1.000:x-1.0
2006-12-22,0.6311070916,67.1229617393,SPY:1.000:x-1.0
2006-12-21,0.3779244743,66.7020006827,SPY:1.000:x-1.0
2006-12-20,0.0582520438,66.4508665945,SPY:1.000:x-1.0
2006-12-19,-0.1960919563,66.4121801422,SPY:1.000:x-1.0
2006-12-18,0.2845990415,66.5426649557,SPY:1.000:x-1.0
2006-12-15,-0.0098809347,66.3538226126,SPY:1.000:x-1.0
2006-12-14,-0.8979455945,66.3603796384,SPY:1.000:x-1.0
2006-12-13,-0.1075984036,66.9616589045,SPY:1.000:x-1.0
2006-12-12,0.0792943779,67.0337861884,SPY:1.000:x-1.0
2006-12-11,-0.2937961192,66.9806742794,SPY:1.000:x-1.0
2006-12-08,-0.1860818565,67.1780407560,SPY:1.000:x-1.0
2006-12-07,0.4452577602,67.3032799489,SPY:1.000:x-1.0
2006-12-06,0.0861900098,67.0049352748,SPY:1.000:x-1.0
2006-12-05,-0.4358976859,66.9472334478,SPY:1.000:x-1.0
2006-12-04,-0.7596872218,67.2403325012,SPY:1.000:x-1.0
2006-12-01,0.2201639106,67.7550590267,SPY:1.000:x-1.0
2006-11-30,-0.0443866074,67.6062145410,SPY:1.000:x-1.0
2006-11-29,-1.0619504357,67.6362359714,SPY:1.000:x-1.0
2006-11-28,-0.4372323194,68.3622087450,SPY:1.000:x-1.0
2006-11-27,1.4271747785,68.6624230499,SPY:1.000:x-1.0
2006-11-24,0.4230812053,67.6962788324,SPY:1.000:x-1.0
2006-11-22,-0.2070623409,67.4110752428,SPY:1.000:x-1.0
2006-11-21,-0.1039280777,67.5509478167,SPY:1.000:x-1.0
2006-11-20,-0.0594961983,67.6212252562,SPY:1.000:x-1.0
2006-11-17,-0.0292353445,67.6614812653,SPY:1.000:x-1.0
2006-11-16,-0.2654360088,67.6812681172,SPY:1.000:x-1.0
2006-11-15,-0.2937284465,67.8613967001,SPY:1.000:x-1.0
2006-11-14,-0.7590906830,68.0613121349,SPY:1.000:x-1.0
2006-11-13,-0.2481020196,68.5819110318,SPY:1.000:x-1.0
2006-11-10,-0.0436468966,68.7524873414,SPY:1.000:x-1.0
2006-11-09,0.5345407039,68.7825087719,SPY:1.000:x-1.0
2006-11-08,-0.2189207208,68.4167931641,SPY:1.000:x-1.0
2006-11-07,-0.3855990167,68.5669003165,SPY:1.000:x-1.0
2006-11-06,-1.1077128181,68.8323170543,SPY:1.000:x-1.0
2006-11-03,0.1728268981,69.6033219736,SPY:1.000:x-1.0
2006-11-02,0.0579698753,69.4832362516,SPY:1.000:x-1.0
2006-11-01,0.6746129878,69.4429802426,SPY:1.000:x-1.0
2006-10-31,0.0158057786,68.9776480700,SPY:1.000:x-1.0
2006-10-30,0.0769806705,68.9667473386,SPY:1.000:x-1.0
2006-10-27,0.6773470926,68.9136971125,SPY:1.000:x-1.0
2006-10-26,-0.3333121707,68.4500526709,SPY:1.000:x-1.0
2006-10-25,-0.3637283740,68.6789680300,SPY:1.000:x-1.0
2006-10-24,-0.3163359677,68.9296848519,SPY:1.000:x-1.0
2006-10-23,-0.4831928379,69.1484261951,SPY:1.000:x-1.0
2006-10-20,-0.0230038897,69.4841687218,SPY:1.000:x-1.0
2006-10-19,-0.1691058268,69.5001564612,SPY:1.000:x-1.0
2006-10-18,-0.1376003336,69.6178843601,SPY:1.000:x-1.0
2006-10-17,0.3304955341,69.7138107963,SPY:1.000:x-1.0
2006-10-16,-0.1608052794,69.4841687218,SPY:1.000:x-1.0
2006-10-13,-0.2676386358,69.5960828974,SPY:1.000:x-1.0
2006-10-12,-0.8856042856,69.7828487618,SPY:1.000:x-1.0
2006-10-11,0.1209102371,70.4063705971,SPY:1.000:x-1.0
2006-10-10,-0.1362257219,70.3213448923,SPY:1.000:x-1.0
2006-10-09,-0.0608517178,70.4172713285,SPY:1.000:x-1.0
2006-10-06,0.1290895572,70.4601475386,SPY:1.000:x-1.0
2006-10-05,-0.1968605382,70.3693081104,SPY:1.000:x-1.0
2006-10-04,-1.1653610684,70.5081107567,SPY:1.000:x-1.0
2006-10-03,-0.2094070527,71.3394732038,SPY:1.000:x-1.0
2006-10-02,0.3744668694,71.4891765816,SPY:1.000:x-1.0
2006-09-29,0.0873117677,71.2224720203,SPY:1.000:x-1.0
2006-09-28,0.0388202944,71.1603406690,SPY:1.000:x-1.0
2006-09-27,-0.1260069788,71.1327267350,SPY:1.000:x-1.0
2006-09-26,-0.8616363617,71.2224720203,SPY:1.000:x-1.0
2006-09-25,-0.7849576271,71.8414843724,SPY:1.000:x-1.0
2006-09-22,0.3113477212,72.4098711790,SPY:1.000:x-1.0
2006-09-21,0.5019383363,72.1851244390,SPY:1.000:x-1.0
2006-09-20,-0.5459315355,71.8246091906,SPY:1.000:x-1.0
2006-09-19,0.2587638966,72.2188748027,SPY:1.000:x-1.0
2006-09-18,-0.1414276752,72.0324807487,SPY:1.000:x-1.0
2006-09-15,-0.2397445554,72.1344988935,SPY:1.000:x-1.0
2006-09-14,-0.0084858128,72.3078530343,SPY:1.000:x-1.0
2006-09-13,-0.4088229701,72.3139894640,SPY:1.000:x-1.0
2006-09-12,-0.9780641652,72.6108392537,SPY:1.000:x-1.0
2006-09-11,-0.0992768465,73.3280344820,SPY:1.000:x-1.0
2006-09-08,-0.2813613722,73.4009045854,SPY:1.000:x-1.0
2006-09-07,0.4585235124,73.6080090899,SPY:1.000:x-1.0
2006-09-06,0.8946206576,73.2720395604,SPY:1.000:x-1.0
2006-09-05,-0.1918637135,72.6223450595,SPY:1.000:x-1.0
2006-09-01,-0.5973027067,72.7619488366,SPY:1.000:x-1.0
2006-08-31,0.0164225186,73.1991694570,SPY:1.000:x-1.0
2006-08-30,-0.0645535411,73.1871502837,SPY:1.000:x-1.0
2006-08-29,-0.1191178721,73.2344256988,SPY:1.000:x-1.0
2006-08-28,-0.4926108374,73.3217650251,SPY:1.000:x-1.0
2006-08-25,-0.1270689430,73.6847440599,SPY:1.000:x-1.0
2006-08-24,0.0869603026,73.7784936119,SPY:1.000:x-1.0
2006-08-23,0.2867016232,73.7143913541,SPY:1.000:x-1.0
2006-08-22,0.0087217225,73.5036551816,SPY:1.000:x-1.0
2006-08-21,0.4478952210,73.4972449558,SPY:1.000:x-1.0
2006-08-18,-0.5261495223,73.1695221628,SPY:1.000:x-1.0
2006-08-17,-0.1902711636,73.5565395443,SPY:1.000:x-1.0
2006-08-16,-0.9125090227,73.6967632332,SPY:1.000:x-1.0
2006-08-15,-1.1817184955,74.3754458876,SPY:1.000:x-1.0
2006-08-14,-0.0787192171,75.2648647146,SPY:1.000:x-1.0
2006-08-11,0.2805572742,75.3241593030,SPY:1.000:x-1.0
2006-08-10,-0.3020441155,75.1134231305,SPY:1.000:x-1.0
2006-08-09,0.3350691480,75.3409861457,SPY:1.000:x-1.0
2006-08-08,0.4222122206,75.0893847838,SPY:1.000:x-1.0
2006-08-07,0.1964889676,74.7736811642,SPY:1.000:x-1.0
2006-08-04,0.1720892713,74.6270472495,SPY:1.000:x-1.0
2006-08-03,-0.2660287697,74.4988427339,SPY:1.000:x-1.0
2006-08-02,-0.6691457736,74.6975597330,SPY:1.000:x-1.0
2006-08-01,0.4925528156,75.2007624568,SPY:1.000:x-1.0
2006-07-31,0.1028249811,74.8321744744,SPY:1.000:x-1.0
2006-07-28,-0.9944490881,74.7553073438,SPY:1.000:x-1.0
2006-07-27,0.0943902177,75.5061778408,SPY:1.000:x-1.0
2006-07-26,-0.1328277310,75.4349746040,SPY:1.000:x-1.0
2006-07-25,-0.3511843131,75.5353064376,SPY:1.000:x-1.0
2006-07-24,-1.7318060713,75.8015094479,SPY:1.000:x-1.0
2006-07-21,0.6790508074,77.1373792652,SPY:1.000:x-1.0
2006-07-20,0.6676376471,76.6171101601,SPY:1.000:x-1.0
2006-07-19,-1.3176806303,76.1089779703,SPY:1.000:x-1.0
2006-07-18,-0.4802722935,77.1252423499,SPY:1.000:x-1.0
2006-07-17,0.1369605219,77.4974410876,SPY:1.000:x-1.0
2006-07-14,0.3683221927,77.3914453601,SPY:1.000:x-1.0
2006-07-13,1.5959488273,77.1074415407,SPY:1.000:x-1.0
2006-07-12,1.0710514406,75.8961773877,SPY:1.000:x-1.0
2006-07-11,-0.4387705841,75.0919044631,SPY:1.000:x-1.0
2006-07-10,-0.1884549903,75.4228376886,SPY:1.000:x-1.0
2006-07-07,0.6542076220,75.5652441622,SPY:1.000:x-1.0
2006-07-06,-0.2912256193,75.0741036539,SPY:1.000:x-1.0
2006-07-05,0.5771662650,75.2933772581,SPY:1.000:x-1.0
2006-07-03,-0.4486862209,74.8613030713,SPY:1.000:x-1.0
2006-06-30,0.0313523682,75.1987093183,SPY:1.000:x-1.0
2006-06-29,-1.9504542226,75.1751401316,SPY:1.000:x-1.0
2006-06-28,-0.6466493244,76.6705643923,SPY:1.000:x-1.0
2006-06-27,0.8379176313,77.1695809662,SPY:1.000:x-1.0
2006-06-26,-0.4251089209,76.5283365414,SPY:1.000:x-1.0
2006-06-23,0.0158647897,76.8550542332,SPY:1.000:x-1.0
2006-06-22,0.4269918319,76.8428632745,SPY:1.000:x-1.0
2006-06-21,-0.7097658722,76.5161455828,SPY:1.000:x-1.0
2006-06-20,-0.3216786157,77.0631132607,SPY:1.000:x-1.0
2006-06-19,0.7583942379,77.3118088171,SPY:1.000:x-1.0
2006-06-16,0.7125941414,76.7298937244,SPY:1.000:x-1.0
2006-06-15,-1.9927233188,76.1869896993,SPY:1.000:x-1.0
2006-06-14,-0.7172588464,77.7360541780,SPY:1.000:x-1.0
2006-06-13,1.0997890672,78.2976510064,SPY:1.000:x-1.0
2006-06-12,1.0487582448,77.4459093622,SPY:1.000:x-1.0
2006-06-09,0.3084712590,76.6421188221,SPY:1.000:x-1.0
2006-06-08,0.0851679939,76.4064269549,SPY:1.000:x-1.0
2006-06-07,0.7410902929,76.3414085088,SPY:1.000:x-1.0
2006-06-06,0.2429715637,75.7798116805,SPY:1.000:x-1.0
2006-06-05,1.4915764665,75.5961345702,SPY:1.000:x-1.0
2006-06-02,-0.2134053395,74.4851318722,SPY:1.000:x-1.0
2006-06-01,-0.9575982401,74.6444270652,SPY:1.000:x-1.0
2006-05-31,-1.0299747782,75.3661318171,SPY:1.000:x-1.0
2006-05-30,1.6942744152,76.1504623730,SPY:1.000:x-1.0
2006-05-26,-0.4810234715,74.8817598738,SPY:1.000:x-1.0
2006-05-25,-1.1400880703,75.2436997303,SPY:1.000:x-1.0
2006-05-24,-0.7255995928,76.1114371453,SPY:1.000:x-1.0
2006-05-23,0.7015427911,76.6677379396,SPY:1.000:x-1.0
2006-05-22,0.7136349833,76.1336279610,SPY:1.000:x-1.0
2006-05-19,-0.6506632340,75.5941615787,SPY:1.000:x-1.0
2006-05-18,0.4698298509,76.0892463296,SPY:1.000:x-1.0
2006-05-17,1.8419048795,75.7334280774,SPY:1.000:x-1.0
2006-05-16,0.1422035365,74.3637191066,SPY:1.000:x-1.0
2006-05-15,-0.1943784518,74.2581214317,SPY:1.000:x-1.0
2006-05-12,1.2949265548,74.4027443342,SPY:1.000:x-1.0
2006-05-11,1.2275114420,73.4516000601,SPY:1.000:x-1.0
2006-05-10,0.0538116592,72.5609066288,SPY:1.000:x-1.0
2006-05-09,-0.1990227876,72.5218814012,SPY:1.000:x-1.0
2006-05-08,0.1223009447,72.6665043037,SPY:1.000:x-1.0
2006-05-05,-0.8819964051,72.5777410407,SPY:1.000:x-1.0
2006-05-04,-0.3550862724,73.2235702985,SPY:1.000:x-1.0
2006-05-03,0.3720852451,73.4845036834,SPY:1.000:x-1.0
2006-05-02,-0.7397032887,73.2120922904,SPY:1.000:x-1.0
2006-05-01,0.8137053926,73.7576802770,SPY:1.000:x-1.0
2006-04-28,-0.3420703810,73.1623542551,SPY:1.000:x-1.0
2006-04-27,-0.4872029445,73.4134800259,SPY:1.000:x-1.0
2006-04-26,-0.0233972859,73.7729037854,SPY:1.000:x-1.0
2006-04-25,0.4197148502,73.7901686821,SPY:1.000:x-1.0
2006-04-24,0.1872458806,73.4817548449,SPY:1.000:x-1.0
2006-04-21,-0.0160470714,73.3444204389,SPY:1.000:x-1.0
2006-04-20,-0.1399482939,73.3561919594,SPY:1.000:x-1.0
2006-04-19,-0.1940546765,73.4589965719,SPY:1.000:x-1.0
2006-04-18,-1.5566121905,73.6018243540,SPY:1.000:x-1.0
2006-04-17,0.0378012285,74.7656353482,SPY:1.000:x-1.0
2006-04-13,0.1303739841,74.7373836989,SPY:1.000:x-1.0
2006-04-12,-0.1836576202,74.6400724627,SPY:1.000:x-1.0
2006-04-11,0.8466862816,74.7774068687,SPY:1.000:x-1.0
2006-04-10,-0.1532267439,74.1495924416,SPY:1.000:x-1.0
2006-04-07,1.0324137342,74.2633838065,SPY:1.000:x-1.0
2006-04-06,0.1090186187,73.5045131178,SPY:1.000:x-1.0
2006-04-05,-0.3482836115,73.4244667784,SPY:1.000:x-1.0
2006-04-04,-0.6392007874,73.6810859254,SPY:1.000:x-1.0
2006-04-03,0.0773141284,74.1550858179,SPY:1.000:x-1.0
2006-03-31,-0.0240768709,74.0977977514,SPY:1.000:x-1.0
2006-03-30,0.1830999814,74.1156424789,SPY:1.000:x-1.0
2006-03-29,-0.6416401586,73.9801847744,SPY:1.000:x-1.0
2006-03-28,0.6380599469,74.4579367982,SPY:1.000:x-1.0
2006-03-27,0.1515218060,73.9858626423,SPY:1.000:x-1.0
2006-03-24,-0.0800886461,73.8739275331,SPY:1.000:x-1.0
2006-03-23,0.2165977659,73.9331395836,SPY:1.000:x-1.0
2006-03-22,-0.6282299212,73.7733481597,SPY:1.000:x-1.0
2006-03-21,0.6565489937,74.2397444478,SPY:1.000:x-1.0
2006-03-20,0.1674414506,73.7555034321,SPY:1.000:x-1.0
2006-03-17,-0.0869498222,73.6322125873,SPY:1.000:x-1.0
2006-03-16,-0.2152592446,73.6962913817,SPY:1.000:x-1.0
2006-03-15,-0.4591518809,73.8552716816,SPY:1.000:x-1.0
2006-03-14,-1.0578576760,74.1959437529,SPY:1.000:x-1.0
2006-03-13,-0.1878542510,74.9892230046,SPY:1.000:x-1.0
2006-03-10,-0.9368883755,75.1303585770,SPY:1.000:x-1.0
2006-03-09,0.6707724111,75.8409031828,SPY:1.000:x-1.0
2006-03-08,-0.2105851258,75.3355729437,SPY:1.000:x-1.0
2006-03-07,0.1560331005,75.4945532436,SPY:1.000:x-1.0
2006-03-06,0.4616116408,75.3769402666,SPY:1.000:x-1.0
2006-03-03,0.4724819968,75.0305903275,SPY:1.000:x-1.0
2006-03-02,0.0076037367,74.6777513965,SPY:1.000:x-1.0
2006-03-01,-0.8892621062,74.6720735287,SPY:1.000:x-1.0
2006-02-28,0.9797776532,75.3420619355,SPY:1.000:x-1.0
2006-02-27,-0.0395713108,74.6110396423,SPY:1.000:x-1.0
2006-02-24,-0.2620211810,74.6405758966,SPY:1.000:x-1.0
2006-02-23,0.1515218060,74.8366638069,SPY:1.000:x-1.0
2006-02-22,-0.6165362665,74.7234414989,SPY:1.000:x-1.0
2006-02-21,0.2538043300,75.1869966006,SPY:1.000:x-1.0
2006-02-17,0.2775461846,74.9966518509,SPY:1.000:x-1.0
2006-02-16,-0.7566602432,74.7890776195,SPY:1.000:x-1.0
2006-02-15,-0.3536674008,75.3592914172,SPY:1.000:x-1.0
2006-02-14,-1.0424271053,75.6267586086,SPY:1.000:x-1.0
2006-02-13,0.1796065863,76.4234170225,SPY:1.000:x-1.0
2006-02-10,-0.1792845794,76.2864016207,SPY:1.000:x-1.0
2006-02-09,0.1634478902,76.4234170225,SPY:1.000:x-1.0
2006-02-08,-0.8803905267,76.2987083933,SPY:1.000:x-1.0
2006-02-07,0.8730244060,76.9764013385,SPY:1.000:x-1.0
2006-02-06,-0.2563030167,76.3101947144,SPY:1.000:x-1.0
2006-02-03,0.4914163784,76.5062826247,SPY:1.000:x-1.0
2006-02-02,1.1764834158,76.1321567373,SPY:1.000:x-1.0
2006-02-01,-0.6972866454,75.2468895607,SPY:1.000:x-1.0
2006-01-31,0.7785130401,75.7752603315,SPY:1.000:x-1.0
2006-01-30,0.0836455719,75.1898971772,SPY:1.000:x-1.0
2006-01-27,-0.9701797386,75.1270567209,SPY:1.000:x-1.0
2006-01-26,-0.5720088001,75.8630648047,SPY:1.000:x-1.0
2006-01-25,-0.0901764076,76.2995046859,SPY:1.000:x-1.0
2006-01-24,-0.1058451283,76.3683709394,SPY:1.000:x-1.0
2006-01-23,-0.3657373647,76.4492887872,SPY:1.000:x-1.0
2006-01-20,1.9384720952,76.7299187700,SPY:1.000:x-1.0
2006-01-19,-0.4043510450,75.2708150250,SPY:1.000:x-1.0
2006-01-18,0.4232199028,75.5764090247,SPY:1.000:x-1.0
2006-01-17,0.2902308081,75.2579026024,SPY:1.000:x-1.0
2006-01-13,0.0999023942,75.0401130759,SPY:1.000:x-1.0
2006-01-12,0.4266851179,74.9652210253,SPY:1.000:x-1.0
2006-01-11,-0.3413322300,74.6467146030,SPY:1.000:x-1.0
2006-01-10,-0.1079144950,74.9023805690,SPY:1.000:x-1.0
2006-01-09,-0.2747693083,74.9832984168,SPY:1.000:x-1.0
2006-01-06,-0.8704731424,75.1898971772,SPY:1.000:x-1.0
2006-01-05,-0.0657812659,75.8501523821,SPY:1.000:x-1.0
2006-01-04,-0.4909374083,75.9000804159,SPY:1.000:x-1.0
2006-01-03,-1.7584708178,76.2745406690,SPY:1.000:x-1.0
2005-12-30,0.5463874020,77.6398141438,SPY:1.000:x-1.0
2005-12-29,0.4529228023,77.2179052375,SPY:1.000:x-1.0
2005-12-28,-0.2259497123,76.8697446359,SPY:1.000:x-1.0
2005-12-27,1.0516488955,77.0438249367,SPY:1.000:x-1.0
2005-12-23,-0.0573297811,76.2420265070,SPY:1.000:x-1.0
2005-12-22,-0.5344544204,76.2857609668,SPY:1.000:x-1.0
2005-12-21,-0.1618628742,76.6956643352,SPY:1.000:x-1.0
2005-12-20,-0.0970234975,76.8200074071,SPY:1.000:x-1.0
2005-12-19,0.5280387453,76.8946132503,SPY:1.000:x-1.0
2005-12-16,0.3329508897,76.4907126510,SPY:1.000:x-1.0
2005-12-15,0.3001037953,76.2368812765,SPY:1.000:x-1.0
2005-12-14,-0.4045125624,76.0087760548,SPY:1.000:x-1.0
2005-12-13,-0.6918407427,76.3174898887,SPY:1.000:x-1.0
2005-12-12,-0.0958730017,76.8491637137,SPY:1.000:x-1.0
2005-12-09,-0.2646208584,76.9229120184,SPY:1.000:x-1.0
2005-12-08,0.0645290492,77.1270061642,SPY:1.000:x-1.0
2005-12-07,0.5965371745,77.0772689354,SPY:1.000:x-1.0
2005-12-06,-0.1932485869,76.6202009535,SPY:1.000:x-1.0
2005-12-05,0.2171771449,76.7685551015,SPY:1.000:x-1.0
2005-12-02,-0.1285735049,76.6021926466,SPY:1.000:x-1.0
2005-12-01,-1.0203065346,76.7008095657,SPY:1.000:x-1.0
2005-11-30,0.5956360542,77.4914599958,SPY:1.000:x-1.0
2005-11-29,0.1229248819,77.0326259024,SPY:1.000:x-1.0
2005-11-28,0.7949359635,76.9380498954,SPY:1.000:x-1.0
2005-11-25,-0.0882482718,76.3312652168,SPY:1.000:x-1.0
2005-11-23,-0.6405728621,76.3986857367,SPY:1.000:x-1.0
2005-11-22,-0.4714980061,76.8912300900,SPY:1.000:x-1.0
2005-11-21,-0.5472714780,77.2554881764,SPY:1.000:x-1.0
2005-11-18,-0.4237186412,77.6806120098,SPY:1.000:x-1.0
2005-11-17,-0.9852743674,78.0111598363,SPY:1.000:x-1.0
2005-11-16,-0.2134750175,78.7874322106,SPY:1.000:x-1.0
2005-11-15,0.3869323999,78.9559835102,SPY:1.000:x-1.0
2005-11-14,0.0595635185,78.6516547748,SPY:1.000:x-1.0
2005-11-11,-0.3596567237,78.6048349694,SPY:1.000:x-1.0
2005-11-10,-0.8053596449,78.8885629904,SPY:1.000:x-1.0
2005-11-09,-0.1363951697,79.5290579289,SPY:1.000:x-1.0
2005-11-08,0.0000000000,79.6376798775,SPY:1.000:x-1.0
2005-11-07,-0.1010184065,79.6376798775,SPY:1.000:x-1.0
2005-11-04,0.1352654732,79.7182099429,SPY:1.000:x-1.0
2005-11-03,-0.4379801387,79.6105243904,SPY:1.000:x-1.0
2005-11-02,-1.0521436848,79.9607365351,SPY:1.000:x-1.0
2005-11-01,-0.3003696858,80.8109842020,SPY:1.000:x-1.0
2005-10-31,-0.2604653207,81.0544471904,SPY:1.000:x-1.0
2005-10-28,-1.3284028802,81.2661172433,SPY:1.000:x-1.0
2005-10-27,1.0021796037,82.3601924114,SPY:1.000:x-1.0
2005-10-26,0.2767740447,81.5429852450,SPY:1.000:x-1.0
2005-10-25,0.1903692944,81.3179183533,SPY:1.000:x-1.0
2005-10-24,-1.4306632681,81.1634081459,SPY:1.000:x-1.0
2005-10-21,-0.3577372847,82.3414368371,SPY:1.000:x-1.0
2005-10-20,1.6702195460,82.6370604132,SPY:1.000:x-1.0
2005-10-19,-1.5278408968,81.2795140821,SPY:1.000:x-1.0
2005-10-18,1.0154226191,82.5406031738,SPY:1.000:x-1.0
2005-10-17,-0.3452933359,81.7108922912,SPY:1.000:x-1.0
2005-10-14,-0.9633329378,81.9940121511,SPY:1.000:x-1.0
2005-10-13,0.0539671232,82.7915706206,SPY:1.000:x-1.0
2005-10-12,0.7284271410,82.7469144913,SPY:1.000:x-1.0
2005-10-11,0.1339052430,82.1485223585,SPY:1.000:x-1.0
2005-10-10,0.7988763059,82.0386682804,SPY:1.000:x-1.0
2005-10-07,-0.3237661883,81.3884750376,SPY:1.000:x-1.0
2005-10-06,0.3402331146,81.6528393231,SPY:1.000:x-1.0
2005-10-05,1.2737862351,81.3759713214,SPY:1.000:x-1.0
2005-10-04,1.1171802999,80.3524528376,SPY:1.000:x-1.0
2005-10-03,0.3575577789,79.4646889869,SPY:1.000:x-1.0
2005-09-30,-0.3130677209,79.1815691270,SPY:1.000:x-1.0
2005-09-29,-0.8080785185,79.4302395678,SPY:1.000:x-1.0
2005-09-28,-0.0973731884,80.0773272474,SPY:1.000:x-1.0
2005-09-27,0.0237828288,80.1553770938,SPY:1.000:x-1.0
2005-09-26,-0.1142533937,80.1363184104,SPY:1.000:x-1.0
2005-09-23,-0.0813816801,80.2279816020,SPY:1.000:x-1.0
2005-09-22,-0.3491698768,80.2933256594,SPY:1.000:x-1.0
2005-09-21,0.9345156889,80.5746681288,SPY:1.000:x-1.0
2005-09-20,0.8588366146,79.8286568067,SPY:1.000:x-1.0
2005-09-19,0.3405626187,79.1488970983,SPY:1.000:x-1.0
2005-09-16,-0.7184958421,78.8802604179,SPY:1.000:x-1.0
2005-09-15,0.0502857143,79.4511133639,SPY:1.000:x-1.0
2005-09-14,0.3693592420,79.4111808843,SPY:1.000:x-1.0
2005-09-13,0.5722064558,79.1189477387,SPY:1.000:x-1.0
2005-09-12,0.2069292394,78.6687997876,SPY:1.000:x-1.0
2005-09-09,-0.9038628969,78.5063472004,SPY:1.000:x-1.0
2005-09-08,0.3379388032,79.2224091629,SPY:1.000:x-1.0
2005-09-07,-0.1732664747,78.9555875952,SPY:1.000:x-1.0
2005-09-06,-1.1635951233,79.0926286045,SPY:1.000:x-1.0
2005-09-02,0.1795107763,80.0237814226,SPY:1.000:x-1.0
2005-09-01,0.0739039476,79.8803875188,SPY:1.000:x-1.0
2005-08-31,-1.2103975131,79.8213963559,SPY:1.000:x-1.0
2005-08-30,0.5085590826,80.7993901650,SPY:1.000:x-1.0
2005-08-29,-0.7335958294,80.3905566874,SPY:1.000:x-1.0
2005-08-26,0.6587177699,80.9846567518,SPY:1.000:x-1.0
2005-08-25,-0.3486204119,80.4546874290,SPY:1.000:x-1.0
2005-08-24,0.8713554418,80.7361501282,SPY:1.000:x-1.0
2005-08-23,0.1839567423,80.0387283135,SPY:1.000:x-1.0
2005-08-22,0.0000000000,79.8917620307,SPY:1.000:x-1.0
2005-08-19,-0.2235917060,79.8917620307,SPY:1.000:x-1.0
2005-08-18,0.0077873822,80.0707936843,SPY:1.000:x-1.0
2005-08-17,0.0077879887,80.0645587511,SPY:1.000:x-1.0
2005-08-16,1.3017458045,80.0583238178,SPY:1.000:x-1.0
2005-08-15,-0.6104937718,79.0295598383,SPY:1.000:x-1.0
2005-08-12,0.6142436913,79.5149939239,SPY:1.000:x-1.0
2005-08-11,-0.3940366869,79.0295598383,SPY:1.000:x-1.0
2005-08-10,0.0482956141,79.3421972035,SPY:1.000:x-1.0
2005-08-09,-0.5928588973,79.3038968995,SPY:1.000:x-1.0
2005-08-08,0.1845616939,79.7768611187,SPY:1.000:x-1.0
2005-08-05,0.6779355623,79.6298948359,SPY:1.000:x-1.0
2005-08-04,0.8151587743,79.0936905799,SPY:1.000:x-1.0
2005-08-03,-0.2683484680,78.4541645735,SPY:1.000:x-1.0
2005-08-02,-0.5976431924,78.6652615979,SPY:1.000:x-1.0
2005-08-01,0.0732113894,79.1382258171,SPY:1.000:x-1.0
2005-07-29,0.7287647743,79.0803300087,SPY:1.000:x-1.0
2005-07-28,-0.6800155710,78.5081899752,SPY:1.000:x-1.0
2005-07-27,-0.3913870612,79.0457131327,SPY:1.000:x-1.0
2005-07-26,-0.1306952260,79.3563034366,SPY:1.000:x-1.0
2005-07-25,0.3046708099,79.4601540646,SPY:1.000:x-1.0
2005-07-22,-0.7086728053,79.2187975126,SPY:1.000:x-1.0
2005-07-21,0.6270086714,79.7842064869,SPY:1.000:x-1.0
2005-07-20,-0.3649238131,79.2870696847,SPY:1.000:x-1.0
2005-07-19,-0.5778610731,79.5774668109,SPY:1.000:x-1.0
2005-07-18,0.4246796805,80.0399867372,SPY:1.000:x-1.0
2005-07-15,0.0603602299,79.7015106165,SPY:1.000:x-1.0
2005-07-14,-0.4135609522,79.6534316221,SPY:1.000:x-1.0
2005-07-13,-0.1464550671,79.9842151037,SPY:1.000:x-1.0
2005-07-12,-0.2753435809,80.1015278500,SPY:1.000:x-1.0
2005-07-11,-0.5299069983,80.3226912243,SPY:1.000:x-1.0
2005-07-08,-1.1570150659,80.7505942746,SPY:1.000:x-1.0
2005-07-07,-0.3950900970,81.6958273047,SPY:1.000:x-1.0
2005-07-06,0.8572577212,82.0198797271,SPY:1.000:x-1.0
2005-07-05,-0.8081068718,81.3227343081,SPY:1.000:x-1.0
2005-07-01,-0.2935260548,81.9852628511,SPY:1.000:x-1.0
2005-06-30,0.5496060763,82.2266194030,SPY:1.000:x-1.0
2005-06-29,0.2720026491,81.7771671235,SPY:1.000:x-1.0
2005-06-28,-0.8419719499,81.5553344533,SPY:1.000:x-1.0
2005-06-27,-0.1416911601,82.2478381802,SPY:1.000:x-1.0
2005-06-24,0.7444022367,82.3645414545,SPY:1.000:x-1.0
2005-06-23,1.4687750631,81.7559483463,SPY:1.000:x-1.0
2005-06-22,-0.0861130712,80.5725192755,SPY:1.000:x-1.0
2005-06-21,-0.0597650040,80.6419625461,SPY:1.000:x-1.0
2005-06-20,-0.0346516908,80.6901870396,SPY:1.000:x-1.0
2005-06-17,-0.3820928212,80.7181572459,SPY:1.000:x-1.0
2005-06-16,-0.2635546638,81.0277584942,SPY:1.000:x-1.0
2005-06-15,-0.1943197033,81.2418752454,SPY:1.000:x-1.0
2005-06-14,-0.2364150029,81.4000515842,SPY:1.000:x-1.0
2005-06-13,-0.3204939377,81.5929495582,SPY:1.000:x-1.0
2005-06-10,0.2373978363,81.8552908030,SPY:1.000:x-1.0
2005-06-09,-0.4795712069,81.6614283390,SPY:1.000:x-1.0
2005-06-08,0.1848820641,82.0549402061,SPY:1.000:x-1.0
2005-06-07,-0.0753091795,81.9035152965,SPY:1.000:x-1.0
2005-06-06,0.0930462640,81.9652426482,SPY:1.000:x-1.0
2005-06-03,0.5161718047,81.8890479484,SPY:1.000:x-1.0
2005-06-02,-0.2197179106,81.4685303650,SPY:1.000:x-1.0
2005-06-01,-0.8537999368,81.6479254808,SPY:1.000:x-1.0
2005-05-31,0.6918151973,82.3510385963,SPY:1.000:x-1.0
2005-05-27,-0.1795489930,81.7852359052,SPY:1.000:x-1.0
2005-05-26,-0.5705297062,81.9323446049,SPY:1.000:x-1.0
2005-05-25,0.0799630171,82.4024752046,SPY:1.000:x-1.0
2005-05-24,0.2505104150,82.3366363460,SPY:1.000:x-1.0
2005-05-23,-0.5864920058,82.1308899128,SPY:1.000:x-1.0
2005-05-20,0.1508972776,82.6154227629,SPY:1.000:x-1.0
2005-05-19,-0.4432359952,82.4909461708,SPY:1.000:x-1.0
2005-05-18,-1.0625360832,82.8582035540,SPY:1.000:x-1.0
2005-05-17,-0.6795500573,83.7480568773,SPY:1.000:x-1.0
2005-05-16,-0.9330658222,84.3210606936,SPY:1.000:x-1.0
2005-05-13,0.1986097319,85.1152419255,SPY:1.000:x-1.0
2005-05-12,1.1291823838,84.9465298504,SPY:1.000:x-1.0
2005-05-11,-0.5565772327,83.9980387936,SPY:1.000:x-1.0
2005-05-10,1.0734025136,84.4681693933,SPY:1.000:x-1.0
2005-05-09,-0.6384618207,83.5711149448,SPY:1.000:x-1.0
2005-05-06,0.3239462544,84.1081131353,SPY:1.000:x-1.0
2005-05-05,0.0355976726,83.8365278436,SPY:1.000:x-1.0
2005-05-04,-0.7831053843,83.8066946108,SPY:1.000:x-1.0
2005-05-03,-0.1738559549,84.4681693933,SPY:1.000:x-1.0
2005-05-02,-0.5621577185,84.6152780930,SPY:1.000:x-1.0
2005-04-29,-1.2726478433,85.0936385501,SPY:1.000:x-1.0
2005-04-28,1.2053799972,86.1905406062,SPY:1.000:x-1.0
2005-04-27,-0.3732467834,85.1639908951,SPY:1.000:x-1.0
2005-04-26,0.9454494395,85.4830536432,SPY:1.000:x-1.0
2005-04-25,-0.6313586419,84.6824241388,SPY:1.000:x-1.0
2005-04-22,0.3664328809,85.2204709468,SPY:1.000:x-1.0
2005-04-21,-1.8093273748,84.9093352235,SPY:1.000:x-1.0
2005-04-20,1.3353460288,86.4739317426,SPY:1.000:x-1.0
2005-04-19,-0.7491068342,85.3344219282,SPY:1.000:x-1.0
2005-04-18,-0.2872902781,85.9784926929,SPY:1.000:x-1.0
2005-04-15,1.3486757821,86.2262122178,SPY:1.000:x-1.0
2005-04-14,1.2893864502,85.0787753786,SPY:1.000:x-1.0
2005-04-13,1.1949670519,83.9957456158,SPY:1.000:x-1.0
2005-04-12,-0.5177901287,83.0038766382,SPY:1.000:x-1.0
2005-04-11,-0.0771339401,83.4358994896,SPY:1.000:x-1.0
2005-04-08,1.0625667102,83.5003065661,SPY:1.000:x-1.0
2005-04-07,-0.5450858779,82.6223885699,SPY:1.000:x-1.0
2005-04-06,-0.3482581151,83.0752198614,SPY:1.000:x-1.0
2005-04-05,-0.4731879858,83.3655471445,SPY:1.000:x-1.0
2005-04-04,-0.1688790212,83.7618983843,SPY:1.000:x-1.0
2005-04-01,0.4496008162,83.9035939526,SPY:1.000:x-1.0
2005-03-31,0.1798808433,83.5280511529,SPY:1.000:x-1.0
2005-03-30,-1.3328208549,83.3780699775,SPY:1.000:x-1.0
2005-03-29,0.6336602125,84.5043617339,SPY:1.000:x-1.0
2005-03-28,-0.1374640719,83.9722629143,SPY:1.000:x-1.0
2005-03-24,-0.1134777527,84.0878535017,SPY:1.000:x-1.0
2005-03-23,-0.0816372810,84.1833829128,SPY:1.000:x-1.0
2005-03-22,0.9824015022,84.2521640887,SPY:1.000:x-1.0
2005-03-21,0.3608241499,83.4325217418,SPY:1.000:x-1.0
2005-03-18,0.2904196102,83.1325593910,SPY:1.000:x-1.0
2005-03-17,-0.1955349030,82.8918252752,SPY:1.000:x-1.0
2005-03-16,0.8420808444,83.0542252740,SPY:1.000:x-1.0
2005-03-15,0.8315400449,82.3606817496,SPY:1.000:x-1.0
2005-03-14,-0.6195009124,81.6814676370,SPY:1.000:x-1.0
2005-03-11,0.7081655586,82.1906393979,SPY:1.000:x-1.0
2005-03-10,-0.2254014599,81.6126864610,SPY:1.000:x-1.0
2005-03-09,1.1434376366,81.7970582244,SPY:1.000:x-1.0
2005-03-08,0.3889527920,80.8723335252,SPY:1.000:x-1.0
2005-03-07,-0.0509647750,80.5589970570,SPY:1.000:x-1.0
2005-03-04,-1.2580898101,80.6000747037,SPY:1.000:x-1.0
2005-03-03,-0.0409442924,81.6270158727,SPY:1.000:x-1.0
2005-03-02,0.0491573034,81.6604511665,SPY:1.000:x-1.0
2005-03-01,-0.4972806783,81.6203288139,SPY:1.000:x-1.0
2005-02-28,0.6969834069,82.0282393991,SPY:1.000:x-1.0
2005-02-25,-1.0250762453,81.4604734162,SPY:1.000:x-1.0
2005-02-24,-0.6767558991,82.3041537452,SPY:1.000:x-1.0
2005-02-23,-0.7219915032,82.8649471634,SPY:1.000:x-1.0
2005-02-22,1.5450612571,83.4675759698,SPY:1.000:x-1.0
2005-02-18,-0.1379560719,82.1975731133,SPY:1.000:x-1.0
2005-02-17,0.8506431692,82.3111263099,SPY:1.000:x-1.0
2005-02-16,-0.0695164339,81.6168580817,SPY:1.000:x-1.0
2005-02-15,-0.3887505315,81.6736346800,SPY:1.000:x-1.0
2005-02-14,0.0778106041,81.9923804950,SPY:1.000:x-1.0
2005-02-11,-0.8833028054,81.9286313320,SPY:1.000:x-1.0
2005-02-10,-0.3673910433,82.6587584644,SPY:1.000:x-1.0
2005-02-09,0.7743496673,82.9635591499,SPY:1.000:x-1.0
2005-02-08,-0.1196389080,82.3260675200,SPY:1.000:x-1.0
2005-02-07,0.1379560719,82.4246795065,SPY:1.000:x-1.0
2005-02-04,-0.9564560785,82.3111263099,SPY:1.000:x-1.0
2005-02-03,0.1368235336,83.1059986860,SPY:1.000:x-1.0
2005-02-02,-0.3063116961,82.9924454894,SPY:1.000:x-1.0
2005-02-01,-0.6348904398,83.2474421414,SPY:1.000:x-1.0
2005-01-31,-0.5865334629,83.7793492201,SPY:1.000:x-1.0
2005-01-28,0.0000000000,84.2736423328,SPY:1.000:x-1.0
2005-01-27,-0.1613467375,84.2736423328,SPY:1.000:x-1.0
2005-01-26,-0.2801593195,84.4098348474,SPY:1.000:x-1.0
2005-01-25,-0.2637101209,84.6469812541,SPY:1.000:x-1.0
2005-01-24,0.1843753162,84.8707941279,SPY:1.000:x-1.0
2005-01-21,0.5789432025,84.7146013139,SPY:1.000:x-1.0
2005-01-20,0.5834584414,84.2269749676,SPY:1.000:x-1.0
2005-01-19,1.0225888733,83.7383962261,SPY:1.000:x-1.0
2005-01-18,-0.9964736662,82.8907644914,SPY:1.000:x-1.0
2005-01-14,-0.4991454539,83.7250626932,SPY:1.000:x-1.0
2005-01-13,0.7710293698,84.1450689798,SPY:1.000:x-1.0
2005-01-12,-0.3160779052,83.5012498195,SPY:1.000:x-1.0
2005-01-11,0.6684293056,83.7660156872,SPY:1.000:x-1.0
2005-01-10,-0.4534734012,83.2098168860,SPY:1.000:x-1.0
2005-01-07,0.1380553591,83.5888701786,SPY:1.000:x-1.0
2005-01-06,-0.4859549924,83.4736303585,SPY:1.000:x-1.0
2005-01-05,0.6675048577,83.8812555073,SPY:1.000:x-1.0
2005-01-04,1.2100319282,83.3250567061,SPY:1.000:x-1.0
2005-01-03,0.4718845161,82.3288513190,SPY:1.000:x-1.0
2004-12-31,0.2288952402,81.9421788648,SPY:1.000:x-1.0
2004-12-30,0.2033251094,81.7550454571,SPY:1.000:x-1.0
2004-12-29,-0.1584413334,81.5891542200,SPY:1.000:x-1.0
2004-12-28,-0.5784117061,81.7186303075,SPY:1.000:x-1.0
2004-12-27,0.2195389682,82.1940503162,SPY:1.000:x-1.0
2004-12-23,-0.0788731006,82.0139976320,SPY:1.000:x-1.0
2004-12-22,-0.2532299106,82.0787356758,SPY:1.000:x-1.0
2004-12-21,-0.7987415248,82.2871112541,SPY:1.000:x-1.0
2004-12-20,-0.0268207641,82.9496646705,SPY:1.000:x-1.0
2004-12-17,0.7010005525,82.9719183730,SPY:1.000:x-1.0
2004-12-16,0.0614212886,82.3943336390,SPY:1.000:x-1.0
2004-12-15,-0.0785574881,82.3437570423,SPY:1.000:x-1.0
2004-12-14,-0.3632316611,82.4084950861,SPY:1.000:x-1.0
2004-12-13,-0.8933008497,82.7089200703,SPY:1.000:x-1.0
2004-12-10,-0.1029205211,83.4544191053,SPY:1.000:x-1.0
2004-12-09,-0.3595299568,83.5403993196,SPY:1.000:x-1.0
2004-12-08,-0.5865067466,83.8418358358,SPY:1.000:x-1.0
2004-12-07,0.9529229428,84.3364749512,SPY:1.000:x-1.0
2004-12-06,0.0339147287,83.5403993196,SPY:1.000:x-1.0
2004-12-03,0.0690883968,83.5120764255,SPY:1.000:x-1.0
2004-12-02,-0.0859834815,83.4544191053,SPY:1.000:x-1.0
2004-12-01,-1.1362139770,83.5262378725,SPY:1.000:x-1.0
2004-11-30,-0.0745487837,84.4861816774,SPY:1.000:x-1.0
2004-11-29,0.5021162491,84.5492120866,SPY:1.000:x-1.0
2004-11-26,0.0841950167,84.1267977652,SPY:1.000:x-1.0
2004-11-24,-0.2598016060,84.0560267794,SPY:1.000:x-1.0
2004-11-23,-0.1676709458,84.2749745167,SPY:1.000:x-1.0
2004-11-22,-0.5160550459,84.4165164882,SPY:1.000:x-1.0
2004-11-19,1.2334929618,84.8544119628,SPY:1.000:x-1.0
2004-11-18,-0.1501679510,83.8204920923,SPY:1.000:x-1.0
2004-11-17,-0.6491211998,83.9465529107,SPY:1.000:x-1.0
2004-11-16,0.7954305614,84.4950280506,SPY:1.000:x-1.0
2004-11-15,-0.2723146747,83.8282326689,SPY:1.000:x-1.0
2004-11-12,-0.8556038137,84.0571325760,SPY:1.000:x-1.0
2004-11-11,-0.8137128072,84.7825351804,SPY:1.000:x-1.0
2004-11-10,-0.0827258156,85.4780812751,SPY:1.000:x-1.0
2004-11-09,0.2111371614,85.5488522609,SPY:1.000:x-1.0
2004-11-08,0.1556803882,85.3686074065,SPY:1.000:x-1.0
2004-11-05,-0.6649741614,85.2359118081,SPY:1.000:x-1.0
2004-11-04,-1.4090412421,85.8065028810,SPY:1.000:x-1.0
2004-11-03,-1.2669978423,87.0328313692,SPY:1.000:x-1.0
2004-11-02,-0.0351123596,88.1496859887,SPY:1.000:x-1.0
2004-11-01,-0.2738766680,88.1806482950,SPY:1.000:x-1.0
2004-10-29,0.0179682988,88.4228177620,SPY:1.000:x-1.0
2004-10-28,-0.3070820805,88.4069325402,SPY:1.000:x-1.0
2004-10-27,-1.1971884402,88.6792506280,SPY:1.000:x-1.0
2004-10-26,-1.4784092466,89.7537724160,SPY:1.000:x-1.0
2004-10-25,0.1147175081,91.1006122918,SPY:1.000:x-1.0
2004-10-22,1.1132965176,90.9962236915,SPY:1.000:x-1.0
2004-10-21,-0.6364160257,89.9943200602,SPY:1.000:x-1.0
2004-10-20,0.1945598554,90.5707266794,SPY:1.000:x-1.0
2004-10-19,0.8404744124,90.3948545810,SPY:1.000:x-1.0
2004-10-18,-0.3745271122,89.6414412048,SPY:1.000:x-1.0
2004-10-15,-0.5492989541,89.9784348384,SPY:1.000:x-1.0
2004-10-14,0.8040251827,90.4754153486,SPY:1.000:x-1.0
2004-10-13,0.8928343665,89.7537724160,SPY:1.000:x-1.0
2004-10-12,0.3969676791,88.9595113267,SPY:1.000:x-1.0
2004-10-11,-0.4144509481,88.6077671299,SPY:1.000:x-1.0
2004-10-08,0.8539863414,88.9765312071,SPY:1.000:x-1.0
2004-10-07,1.0750591478,88.2231178309,SPY:1.000:x-1.0
2004-10-06,-0.6573254988,87.2847550868,SPY:1.000:x-1.0
2004-10-05,-0.0542096364,87.8622963646,SPY:1.000:x-1.0
2004-10-04,-0.1726559379,87.9099520300,SPY:1.000:x-1.0
2004-10-01,-1.6910293112,88.0619962957,SPY:1.000:x-1.0
2004-09-30,0.0724244070,89.5767656590,SPY:1.000:x-1.0
2004-09-29,-0.5082543073,89.5119371692,SPY:1.000:x-1.0
2004-09-28,-0.4802028377,89.9692095520,SPY:1.000:x-1.0
2004-09-27,0.6469905916,90.4033289028,SPY:1.000:x-1.0
2004-09-24,-0.4631114418,89.8221877986,SPY:1.000:x-1.0
2004-09-23,0.5469062391,90.2401000269,SPY:1.000:x-1.0
2004-09-22,1.3014334061,89.7492557477,SPY:1.000:x-1.0
2004-09-21,-0.4500695917,88.5962347521,SPY:1.000:x-1.0
2004-09-20,0.6282969227,88.9967822064,SPY:1.000:x-1.0
2004-09-17,-0.4391795032,88.4411094374,SPY:1.000:x-1.0
2004-09-16,-0.3104984865,88.8312380273,SPY:1.000:x-1.0
2004-09-15,0.7922166352,89.1079167602,SPY:1.000:x-1.0
2004-09-14,-0.2116816935,88.4075375409,SPY:1.000:x-1.0
2004-09-13,-0.3385857534,88.5950771005,SPY:1.000:x-1.0
2004-09-10,-0.5285111013,88.8960665170,SPY:1.000:x-1.0
2004-09-09,0.0907582201,89.3683883706,SPY:1.000:x-1.0
2004-09-08,0.2560736244,89.2873527585,SPY:1.000:x-1.0
2004-09-07,-0.6713922351,89.0592953929,SPY:1.000:x-1.0
2004-09-03,0.4187843585,89.6612742259,SPY:1.000:x-1.0
2004-09-02,-1.1356935935,89.2873527585,SPY:1.000:x-1.0
2004-09-01,-0.1893503237,90.3130320778,SPY:1.000:x-1.0
2004-08-31,-0.5218058575,90.4843645149,SPY:1.000:x-1.0
2004-08-30,0.8343757657,90.9589938729,SPY:1.000:x-1.0
2004-08-27,-0.3162400854,90.2063340822,SPY:1.000:x-1.0
2004-08-26,0.0000000000,90.4925076657,SPY:1.000:x-1.0
2004-08-25,-0.6729148578,90.4925076657,SPY:1.000:x-1.0
2004-08-24,-0.1351661524,91.1055705864,SPY:1.000:x-1.0
2004-08-23,0.2518376478,91.2288811549,SPY:1.000:x-1.0
2004-08-20,-0.6881054249,90.9997096266,SPY:1.000:x-1.0
2004-08-19,0.2864709327,91.6302221561,SPY:1.000:x-1.0
2004-08-18,-0.9920709955,91.3684780249,SPY:1.000:x-1.0
2004-08-17,-0.5391241114,92.2840008306,SPY:1.000:x-1.0
2004-08-16,-0.9684749004,92.7842229481,SPY:1.000:x-1.0
2004-08-13,-0.1834248392,93.6916026030,SPY:1.000:x-1.0
2004-08-12,1.0393578522,93.8637720760,SPY:1.000:x-1.0
2004-08-11,0.1944744172,92.8982270585,SPY:1.000:x-1.0
2004-08-10,-1.2036245088,92.7179144348,SPY:1.000:x-1.0
2004-08-09,-0.1312222236,93.8474857745,SPY:1.000:x-1.0
2004-08-06,1.3690894489,93.9707963430,SPY:1.000:x-1.0
2004-08-05,1.6143429140,92.7016281333,SPY:1.000:x-1.0
2004-08-04,0.0089268635,91.2288811549,SPY:1.000:x-1.0
2004-08-03,0.7775350212,91.2207380041,SPY:1.000:x-1.0
2004-08-02,-0.2077668907,90.5169371179,SPY:1.000:x-1.0
2004-07-30,-0.2279434700,90.7053928924,SPY:1.000:x-1.0
2004-07-29,-0.3943406147,90.9126222783,SPY:1.000:x-1.0
2004-07-28,-0.2764669431,91.2725470012,SPY:1.000:x-1.0
2004-07-27,-0.8483588156,91.5255849882,SPY:1.000:x-1.0
2004-07-26,0.1751769524,92.3086939307,SPY:1.000:x-1.0
2004-07-23,0.7717172199,92.1472731459,SPY:1.000:x-1.0
2004-07-22,-0.2510410470,91.4416025529,SPY:1.000:x-1.0
2004-07-21,1.7542160507,91.6717362393,SPY:1.000:x-1.0
2004-07-20,-1.1784270093,90.0913395015,SPY:1.000:x-1.0
2004-07-19,0.3975737193,91.1656602653,SPY:1.000:x-1.0
2004-07-16,0.0757284354,90.8046448614,SPY:1.000:x-1.0
2004-07-15,0.6131704662,90.7359319598,SPY:1.000:x-1.0
2004-07-14,0.2898867137,90.1829567037,SPY:1.000:x-1.0
2004-07-13,-0.0678771424,89.9222839499,SPY:1.000:x-1.0
2004-07-12,-0.0436162737,89.9833620847,SPY:1.000:x-1.0
2004-07-09,-0.2634250085,90.0226265999,SPY:1.000:x-1.0
2004-07-08,0.6849731729,90.2603950532,SPY:1.000:x-1.0
2004-07-07,-0.2814680012,89.6463416623,SPY:1.000:x-1.0
2004-07-06,0.8515949051,89.8993796493,SPY:1.000:x-1.0
2004-07-02,0.0526405994,89.1402656883,SPY:1.000:x-1.0
2004-07-01,1.3876477013,89.0933664063,SPY:1.000:x-1.0
2004-06-30,-0.5494857377,87.8739850723,SPY:1.000:x-1.0
2004-06-29,-0.4221723381,88.3595079665,SPY:1.000:x-1.0
2004-06-28,0.3519819785,88.7341188709,SPY:1.000:x-1.0
2004-06-25,0.4978004168,88.4228862464,SPY:1.000:x-1.0
2004-06-24,0.3264979545,87.9848970621,SPY:1.000:x-1.0
2004-06-23,-0.8825899538,87.6985630476,SPY:1.000:x-1.0
2004-06-22,-0.5103079664,88.4794739963,SPY:1.000:x-1.0
2004-06-21,0.3870868838,88.9333077506,SPY:1.000:x-1.0
2004-06-18,-0.1912606628,88.5903859861,SPY:1.000:x-1.0
2004-06-17,0.1532430051,88.7601492358,SPY:1.000:x-1.0
2004-06-16,0.0178815475,88.6243386361,SPY:1.000:x-1.0
2004-06-15,-0.7114413980,88.6084940661,SPY:1.000:x-1.0
2004-06-14,1.0145781558,89.2434086200,SPY:1.000:x-1.0
2004-06-10,-0.5009240966,88.3470586615,SPY:1.000:x-1.0
2004-06-09,0.9651888553,88.7918383758,SPY:1.000:x-1.0
2004-06-08,-0.1439274195,87.9430221272,SPY:1.000:x-1.0
2004-06-07,-1.5248918023,88.0697786870,SPY:1.000:x-1.0
2004-06-04,-0.7834668408,89.4335434597,SPY:1.000:x-1.0
2004-06-03,0.9237553379,90.1397585785,SPY:1.000:x-1.0
2004-06-02,-0.3724183205,89.3147091849,SPY:1.000:x-1.0
2004-06-01,0.1339974212,89.6485769094,SPY:1.000:x-1.0
2004-05-28,0.0091581082,89.5286108796,SPY:1.000:x-1.0
2004-05-27,-0.5749443917,89.5204125033,SPY:1.000:x-1.0
2004-05-26,-0.3538561244,90.0380814027,SPY:1.000:x-1.0
2004-05-25,-1.4158296915,90.3578180759,SPY:1.000:x-1.0
2004-05-24,-0.4097734793,91.6555039142,SPY:1.000:x-1.0
2004-05-21,-0.1689682772,92.0326292210,SPY:1.000:x-1.0
2004-05-20,-0.3115540977,92.1883983695,SPY:1.000:x-1.0
2004-05-19,0.3392975144,92.4765127343,SPY:1.000:x-1.0
2004-05-18,-0.4881256481,92.1638032408,SPY:1.000:x-1.0
2004-05-17,0.8403575664,92.6158851303,SPY:1.000:x-1.0
2004-05-14,-0.0446121294,91.8440665676,SPY:1.000:x-1.0
2004-05-13,0.4121230738,91.8850584488,SPY:1.000:x-1.0
2004-05-12,-0.6232352268,91.5079331420,SPY:1.000:x-1.0
2004-05-11,-0.8137055774,92.0818194785,SPY:1.000:x-1.0
2004-05-10,1.0092386110,92.8372412887,SPY:1.000:x-1.0
2004-05-07,1.6805307212,91.9096535775,SPY:1.000:x-1.0
2004-05-06,0.8875933019,90.3906115808,SPY:1.000:x-1.0
2004-05-05,-0.6545199538,89.5953690860,SPY:1.000:x-1.0
2004-05-04,0.0818819860,90.1856521750,SPY:1.000:x-1.0
2004-05-03,-1.0723377993,90.1118667888,SPY:1.000:x-1.0
2004-04-30,0.7609400729,91.0886447574,SPY:1.000:x-1.0
2004-04-29,0.8732855165,90.4007492304,SPY:1.000:x-1.0
2004-04-28,1.3221475654,89.6181271061,SPY:1.000:x-1.0
2004-04-27,-0.0891685668,88.4487047102,SPY:1.000:x-1.0
2004-04-26,0.1428735442,88.5276435411,SPY:1.000:x-1.0
2004-04-23,-0.0981291737,88.4013414116,SPY:1.000:x-1.0
2004-04-22,-1.3923796119,88.4881741256,SPY:1.000:x-1.0
2004-04-21,-0.6554225291,89.7376630502,SPY:1.000:x-1.0
2004-04-20,1.6987671876,90.3297042825,SPY:1.000:x-1.0
2004-04-19,0.0000000000,88.8208449133,SPY:1.000:x-1.0
2004-04-16,-0.7672730938,88.8208449133,SPY:1.000:x-1.0
2004-04-15,0.3806705366,89.5076127428,SPY:1.000:x-1.0
2004-04-14,-0.1590969355,89.1681757696,SPY:1.000:x-1.0
2004-04-13,1.4448756869,89.3102656654,SPY:1.000:x-1.0
2004-04-12,-0.4018677281,88.0382227891,SPY:1.000:x-1.0
2004-04-08,0.2327306207,88.3934475285,SPY:1.000:x-1.0
2004-04-07,0.2422673144,88.1882065679,SPY:1.000:x-1.0
2004-04-06,0.3343922421,87.9750717243,SPY:1.000:x-1.0
2004-04-05,-0.5652535328,87.6818703521,SPY:1.000:x-1.0
2004-04-02,-0.7652478489,88.1803126849,SPY:1.000:x-1.0
2004-04-01,-0.6004490754,88.8603143288,SPY:1.000:x-1.0
2004-03-31,-0.1116632922,89.3970983794,SPY:1.000:x-1.0
2004-03-30,-0.3265575695,89.4970337137,SPY:1.000:x-1.0
2004-03-29,-1.3191720476,89.7902505737,SPY:1.000:x-1.0
2004-03-26,-0.0253390608,90.9905727756,SPY:1.000:x-1.0
2004-03-25,-1.2110809136,91.0136347758,SPY:1.000:x-1.0
2004-03-24,-0.0762304064,92.1293963103,SPY:1.000:x-1.0
2004-03-23,0.1598625659,92.1996805015,SPY:1.000:x-1.0
2004-03-22,1.1927469397,92.0525229763,SPY:1.000:x-1.0
2004-03-19,1.3867639319,90.9675107754,SPY:1.000:x-1.0
2004-03-18,-0.0256968748,89.7232609540,SPY:1.000:x-1.0
2004-03-17,-1.0569647073,89.7463229542,SPY:1.000:x-1.0
2004-03-16,-0.4963436819,90.7050432491,SPY:1.000:x-1.0
2004-03-15,1.1749936009,91.1574977296,SPY:1.000:x-1.0
2004-03-12,-1.2279835787,90.0988421004,SPY:1.000:x-1.0
2004-03-11,1.2432504906,91.2189963969,SPY:1.000:x-1.0
2004-03-10,1.6616688558,90.0988421004,SPY:1.000:x-1.0
2004-03-09,0.3993481047,88.6261686578,SPY:1.000:x-1.0
2004-03-08,1.2495433876,88.2736495115,SPY:1.000:x-1.0
2004-03-05,-0.3426978986,87.1842445487,SPY:1.000:x-1.0
2004-03-04,-0.2616719460,87.4840505516,SPY:1.000:x-1.0
2004-03-03,-0.1837086656,87.7135723633,SPY:1.000:x-1.0
2004-03-02,0.5971612838,87.8750063649,SPY:1.000:x-1.0
2004-03-01,-0.9908014787,87.3533658837,SPY:1.000:x-1.0
2004-02-27,-0.0715718978,88.2275255111,SPY:1.000:x-1.0
2004-02-26,-0.0625862157,88.2907168527,SPY:1.000:x-1.0
2004-02-25,-0.4260622941,88.3460092767,SPY:1.000:x-1.0
2004-02-24,0.1783734886,88.7240289097,SPY:1.000:x-1.0
2004-02-23,0.2580315514,88.5660505556,SPY:1.000:x-1.0
2004-02-20,0.3139415684,88.3381103590,SPY:1.000:x-1.0
2004-02-19,0.3859017237,88.0616482393,SPY:1.000:x-1.0
2004-02-18,0.4600434198,87.7231231948,SPY:1.000:x-1.0
2004-02-17,-0.9294584560,87.3214068087,SPY:1.000:x-1.0
2004-02-13,0.4668990443,88.1406374163,SPY:1.000:x-1.0
2004-02-12,0.3782890490,87.7310221125,SPY:1.000:x-1.0
2004-02-11,-1.0880392307,87.4003959857,SPY:1.000:x-1.0
2004-02-10,-0.3283946846,88.3618071121,SPY:1.000:x-1.0
2004-02-09,-0.0267226570,88.6529386503,SPY:1.000:x-1.0
2004-02-06,-1.1161163680,88.6766354034,SPY:1.000:x-1.0
2004-02-05,-0.2898259789,89.6775411183,SPY:1.000:x-1.0
2004-02-04,0.8222331853,89.9382054026,SPY:1.000:x-1.0
2004-02-03,0.1672558635,89.2047344728,SPY:1.000:x-1.0
2004-02-02,-0.4314749631,89.0557834533,SPY:1.000:x-1.0
2004-01-30,0.0000000000,89.4417020040,SPY:1.000:x-1.0
2004-01-29,-0.1009597734,89.4417020040,SPY:1.000:x-1.0
2004-01-28,1.2142847664,89.5320934026,SPY:1.000:x-1.0
2004-01-27,1.1164638156,88.4579618473,SPY:1.000:x-1.0
2004-01-26,-1.3319739961,87.4812651762,SPY:1.000:x-1.0
2004-01-23,0.3427705961,88.6622229299,SPY:1.000:x-1.0
2004-01-22,0.2797799065,88.3593530488,SPY:1.000:x-1.0
2004-01-21,-0.8310432301,88.1128310524,SPY:1.000:x-1.0
2004-01-20,0.0277531817,88.8512231271,SPY:1.000:x-1.0
2004-01-16,-0.4132612100,88.8265709275,SPY:1.000:x-1.0
2004-01-15,-0.2572955091,89.1951800077,SPY:1.000:x-1.0
2004-01-14,-0.8537997996,89.4252672042,SPY:1.000:x-1.0
2004-01-13,0.6036243650,90.1953549641,SPY:1.000:x-1.0
2004-01-12,-0.7537166026,89.6541804865,SPY:1.000:x-1.0
2004-01-09,0.9060987923,90.3350507620,SPY:1.000:x-1.0
2004-01-08,-0.4100555011,89.5238760028,SPY:1.000:x-1.0
2004-01-07,-0.3448724623,89.8924850829,SPY:1.000:x-1.0
2004-01-06,-0.1001079085,90.2035723640,SPY:1.000:x-1.0
2004-01-05,-1.0866490059,90.2939637627,SPY:1.000:x-1.0
2004-01-02,0.0450293978,91.2859213192,SPY:1.000:x-1.0
2003-12-31,-0.0994982446,91.2448343198,SPY:1.000:x-1.0
2003-12-30,-0.0198956897,91.3357117497,SPY:1.000:x-1.0
2003-12-29,-1.4288315800,91.3538872357,SPY:1.000:x-1.0
2003-12-26,-0.0783841664,92.6781012135,SPY:1.000:x-1.0
2003-12-24,0.1078945156,92.7508031574,SPY:1.000:x-1.0
2003-12-23,-0.0686130365,92.6508379846,SPY:1.000:x-1.0
2003-12-22,-0.7380535402,92.7144521855,SPY:1.000:x-1.0
2003-12-19,0.2983326828,93.4038224034,SPY:1.000:x-1.0
2003-12-18,-1.1683659410,93.1259971178,SPY:1.000:x-1.0
2003-12-17,-0.3254734471,94.2269122680,SPY:1.000:x-1.0
2003-12-16,-0.5313772095,94.5345972805,SPY:1.000:x-1.0
2003-12-15,0.5148906372,95.0396161407,SPY:1.000:x-1.0
2003-12-12,-0.2000630336,94.5527727665,SPY:1.000:x-1.0
2003-12-11,-1.1299128856,94.7423171202,SPY:1.000:x-1.0
2003-12-10,0.0094845808,95.8250567845,SPY:1.000:x-1.0
2003-12-09,0.7879607249,95.8159690415,SPY:1.000:x-1.0
2003-12-08,-0.6781776012,95.0668793697,SPY:1.000:x-1.0
2003-12-05,0.7116902986,95.7160038686,SPY:1.000:x-1.0
2003-12-04,-0.4162585700,95.0396161407,SPY:1.000:x-1.0
2003-12-03,0.1607760852,95.4368803341,SPY:1.000:x-1.0
2003-12-02,0.2568095511,95.2836869523,SPY:1.000:x-1.0
2003-12-01,-1.0796567799,95.0396161407,SPY:1.000:x-1.0
2003-11-28,-0.0772829522,96.0769170901,SPY:1.000:x-1.0
2003-11-26,-0.3630113441,96.1512255958,SPY:1.000:x-1.0
2003-11-25,-0.3808062682,96.5015371228,SPY:1.000:x-1.0
2003-11-24,-1.2979462704,96.8704257762,SPY:1.000:x-1.0
2003-11-21,-0.4026285314,98.1442858743,SPY:1.000:x-1.0
2003-11-20,0.8884903815,98.5410402174,SPY:1.000:x-1.0
2003-11-19,-0.8245755861,97.6732230255,SPY:1.000:x-1.0
2003-11-18,1.0318259781,98.4853088381,SPY:1.000:x-1.0
2003-11-17,0.5034612964,97.4794901356,SPY:1.000:x-1.0
2003-11-14,0.8638295524,96.9911770980,SPY:1.000:x-1.0
2003-11-13,-0.0289699127,96.1605141590,SPY:1.000:x-1.0
2003-11-12,-1.1185529744,96.1883798486,SPY:1.000:x-1.0
2003-11-11,0.0286540771,97.2764686825,SPY:1.000:x-1.0
2003-11-10,0.4096507693,97.2486029928,SPY:1.000:x-1.0
2003-11-07,0.7578685809,96.8518486498,SPY:1.000:x-1.0
2003-11-06,-0.5354936153,96.1233599061,SPY:1.000:x-1.0
2003-11-05,-0.0754613432,96.6408655710,SPY:1.000:x-1.0
2003-11-04,0.2200068752,96.7138471391,SPY:1.000:x-1.0
2003-11-03,-0.6556929172,96.5015371228,SPY:1.000:x-1.0
2003-10-31,0.1065497664,97.1384671718,SPY:1.000:x-1.0
2003-10-30,-0.2323462415,97.0350765245,SPY:1.000:x-1.0
2003-10-29,-0.1486019288,97.2610589394,SPY:1.000:x-1.0
2003-10-28,-1.4642601004,97.4058058456,SPY:1.000:x-1.0
2003-10-27,-0.0522676702,98.8532749080,SPY:1.000:x-1.0
2003-10-24,-0.2383683685,98.9049702317,SPY:1.000:x-1.0
2003-10-23,0.1985370951,99.1412917113,SPY:1.000:x-1.0
2003-10-22,1.3878588834,98.9448494814,SPY:1.000:x-1.0
2003-10-21,0.1895432765,97.5904320015,SPY:1.000:x-1.0
2003-10-20,-0.8151601745,97.4058058456,SPY:1.000:x-1.0
2003-10-17,1.2178413762,98.2063448577,SPY:1.000:x-1.0
2003-10-16,-0.4425449365,97.0247374598,SPY:1.000:x-1.0
2003-10-15,0.2948866055,97.4560241600,SPY:1.000:x-1.0
2003-10-14,-0.3891286244,97.1694843660,SPY:1.000:x-1.0
2003-10-13,-0.3455352023,97.5490757426,SPY:1.000:x-1.0
2003-10-10,-0.3038690655,97.8873108603,SPY:1.000:x-1.0
2003-10-09,-0.2924809887,98.1856667282,SPY:1.000:x-1.0
2003-10-08,0.2722213867,98.4736835315,SPY:1.000:x-1.0
2003-10-07,-0.4163671220,98.2063448577,SPY:1.000:x-1.0
2003-10-06,-0.4873686564,98.6169534285,SPY:1.000:x-1.0
2003-10-03,-0.9638660920,99.0999354524,SPY:1.000:x-1.0
2003-10-02,-0.3779133887,100.0644224909,SPY:1.000:x-1.0
2003-10-01,-2.1313645914,100.4440138675,SPY:1.000:x-1.0
2003-09-30,0.9681684414,102.6314645628,SPY:1.000:x-1.0
2003-09-29,-0.9588848212,101.6473470274,SPY:1.000:x-1.0
2003-09-26,0.3234874490,102.6314645628,SPY:1.000:x-1.0
2003-09-25,0.8217734355,102.3005351713,SPY:1.000:x-1.0
2003-09-24,1.8450291549,101.4667087132,SPY:1.000:x-1.0
2003-09-23,-0.3915449410,99.6285332285,SPY:1.000:x-1.0
2003-09-22,1.1383230558,100.0201570936,SPY:1.000:x-1.0
2003-09-19,0.5421288474,98.8944191199,SPY:1.000:x-1.0
2003-09-18,-1.2262371209,98.3611748165,SPY:1.000:x-1.0
2003-09-17,0.2021200797,99.5822898201,SPY:1.000:x-1.0
2003-09-16,-1.4784464851,99.3814200148,SPY:1.000:x-1.0
2003-09-15,0.3579952267,100.8727699363,SPY:1.000:x-1.0
2003-09-12,-0.1879888068,100.5129384146,SPY:1.000:x-1.0
2003-09-11,-0.2975977566,100.7022473678,SPY:1.000:x-1.0
2003-09-10,1.0408685470,101.0028295225,SPY:1.000:x-1.0
2003-09-09,0.6855695613,99.9623528331,SPY:1.000:x-1.0
2003-09-08,-0.8500382445,99.2817076654,SPY:1.000:x-1.0
2003-09-05,0.5835474459,100.1328754016,SPY:1.000:x-1.0
2003-09-04,-0.0507805699,99.5519425833,SPY:1.000:x-1.0
2003-09-03,-0.5583529310,99.6025213113,SPY:1.000:x-1.0
2003-09-02,-1.3408680056,100.1617775319,SPY:1.000:x-1.0
2003-08-29,-0.6938306523,101.5230678672,SPY:1.000:x-1.0
2003-08-28,-0.6294463800,102.2323875083,SPY:1.000:x-1.0
2003-08-27,-0.0292680071,102.8799617030,SPY:1.000:x-1.0
2003-08-26,-0.1825910399,102.9100814330,SPY:1.000:x-1.0
2003-08-25,-0.1618783725,103.0983297454,SPY:1.000:x-1.0
2003-08-22,1.0209643915,103.2654942468,SPY:1.000:x-1.0
2003-08-21,-0.3259959764,102.2218456028,SPY:1.000:x-1.0
2003-08-20,0.4187864042,102.5561746057,SPY:1.000:x-1.0
2003-08-19,-0.3863215723,102.1284744399,SPY:1.000:x-1.0
2003-08-18,-0.8678684801,102.5245488892,SPY:1.000:x-1.0
2003-08-15,-0.3106491697,103.4221168427,SPY:1.000:x-1.0
2003-08-14,-0.2707202316,103.7443979535,SPY:1.000:x-1.0
2003-08-13,0.5136637467,104.0260174288,SPY:1.000:x-1.0
2003-08-12,-0.8998356070,103.4944041946,SPY:1.000:x-1.0
2003-08-11,-0.3678055228,104.4341397701,SPY:1.000:x-1.0
2003-08-08,-0.2779528913,104.8196723139,SPY:1.000:x-1.0
2003-08-07,-1.0013900315,105.1118336947,SPY:1.000:x-1.0
2003-08-06,-0.5473268444,106.1750601631,SPY:1.000:x-1.0
2003-08-05,2.0837233414,106.7593829248,SPY:1.000:x-1.0
2003-08-04,0.0000000000,104.5802204605,SPY:1.000:x-1.0
2003-08-01,0.8862028388,104.5802204605,SPY:1.000:x-1.0
2003-07-31,-0.2389037473,103.6615686960,SPY:1.000:x-1.0
2003-07-30,0.2500451889,103.9098131335,SPY:1.000:x-1.0
2003-07-29,0.4813077040,103.6506396956,SPY:1.000:x-1.0
2003-07-28,0.3905003571,103.1541508208,SPY:1.000:x-1.0
2003-07-25,-1.7980244114,102.7529003779,SPY:1.000:x-1.0
2003-07-24,0.7804628641,104.6342497307,SPY:1.000:x-1.0
2003-07-23,-0.0721294724,103.8239424161,SPY:1.000:x-1.0
2003-07-22,-0.9186468942,103.8988841331,SPY:1.000:x-1.0
2003-07-21,1.2848353239,104.8621974531,SPY:1.000:x-1.0
2003-07-18,-1.0431123248,103.5319819771,SPY:1.000:x-1.0
2003-07-17,1.4887623432,104.6233207303,SPY:1.000:x-1.0
2003-07-16,0.6232950822,103.0885768185,SPY:1.000:x-1.0
2003-07-15,0.2321780439,102.4500109386,SPY:1.000:x-1.0
2003-07-14,-0.5151505942,102.2126955015,SPY:1.000:x-1.0
2003-07-11,-0.9795807816,102.7419713775,SPY:1.000:x-1.0
2003-07-10,1.3512070885,103.7583684138,SPY:1.000:x-1.0
2003-07-09,0.6060513072,102.3750692216,SPY:1.000:x-1.0
2003-07-08,-0.4764231615,101.7583613425,SPY:1.000:x-1.0
2003-07-07,-2.0300695639,102.2454825027,SPY:1.000:x-1.0
2003-07-03,1.0781467368,104.3641472925,SPY:1.000:x-1.0
2003-07-02,-1.2822617964,103.2509505385,SPY:1.000:x-1.0
2003-07-01,-0.9214068092,104.5920950149,SPY:1.000:x-1.0
2003-06-30,0.0317369161,105.5647760496,SPY:1.000:x-1.0
2003-06-27,1.2067910676,105.5312836747,SPY:1.000:x-1.0
2003-06-26,-1.3266122338,104.2729273021,SPY:1.000:x-1.0
2003-06-25,1.0446213438,105.6748224244,SPY:1.000:x-1.0
2003-06-24,-0.1051140259,104.5823330515,SPY:1.000:x-1.0
2003-06-23,1.0887643218,104.6923794263,SPY:1.000:x-1.0
2003-06-20,0.2346258335,103.5648028034,SPY:1.000:x-1.0
2003-06-19,1.6793797282,103.3223818039,SPY:1.000:x-1.0
2003-06-18,0.0974046377,101.6158655571,SPY:1.000:x-1.0
2003-06-17,0.0000000000,101.5169833073,SPY:1.000:x-1.0
2003-06-16,-2.2257722616,101.5169833073,SPY:1.000:x-1.0
2003-06-13,1.1261960979,103.8279571779,SPY:1.000:x-1.0
2003-06-12,-0.3313206379,102.6716728051,SPY:1.000:x-1.0
2003-06-11,-1.1100053586,103.0129760545,SPY:1.000:x-1.0
2003-06-10,-1.0453753504,104.1692604273,SPY:1.000:x-1.0
2003-06-09,1.0672505665,105.2697241752,SPY:1.000:x-1.0
2003-06-06,0.4135979950,104.1580963023,SPY:1.000:x-1.0
2003-06-05,-0.5170013919,103.7290749281,SPY:1.000:x-1.0
2003-06-04,-1.4664657121,104.2681426771,SPY:1.000:x-1.0
2003-06-03,-0.4142526941,105.8199560491,SPY:1.000:x-1.0
2003-06-02,-0.4125437207,106.2601415483,SPY:1.000:x-1.0
2003-05-30,-1.7310907839,106.7003270475,SPY:1.000:x-1.0
2003-05-29,0.2844038205,108.5799444592,SPY:1.000:x-1.0
2003-05-28,-0.3064769896,108.2720147127,SPY:1.000:x-1.0
2003-05-27,-1.8198786748,108.6048636294,SPY:1.000:x-1.0
2003-05-23,-0.2103471531,110.6179765959,SPY:1.000:x-1.0
2003-05-22,-1.0093303451,110.8511488316,SPY:1.000:x-1.0
2003-05-21,-0.2077913838,111.9814111957,SPY:1.000:x-1.0
2003-05-20,0.2082240554,112.2145834314,SPY:1.000:x-1.0
2003-05-19,2.4958863492,111.9814111957,SPY:1.000:x-1.0
2003-05-16,0.2695373758,109.2545419961,SPY:1.000:x-1.0
2003-05-15,-0.6717507707,108.9608517755,SPY:1.000:x-1.0
2003-05-14,0.2244194367,109.6977472381,SPY:1.000:x-1.0
2003-05-13,0.1922638251,109.4521154172,SPY:1.000:x-1.0
2003-05-12,-1.2771844036,109.2420824110,SPY:1.000:x-1.0
2003-05-09,-1.4004536011,110.6553553513,SPY:1.000:x-1.0
2003-05-08,1.0384116148,112.2270430165,SPY:1.000:x-1.0
2003-05-07,0.5786216234,111.0736414230,SPY:1.000:x-1.0
2003-05-06,-0.9688592361,110.4346427006,SPY:1.000:x-1.0
2003-05-05,0.1983143282,111.5150667242,SPY:1.000:x-1.0
2003-05-02,-1.4251706579,111.2943540736,SPY:1.000:x-1.0
2003-05-01,0.0110368315,112.9034204942,SPY:1.000:x-1.0
2003-04-30,-0.1548189737,112.8909609091,SPY:1.000:x-1.0
2003-04-29,0.0000000000,113.0660085432,SPY:1.000:x-1.0
2003-04-28,-1.9675608463,113.0660085432,SPY:1.000:x-1.0
2003-04-25,1.4450545374,115.3353007629,SPY:1.000:x-1.0
2003-04-24,1.0610775749,113.6923838120,SPY:1.000:x-1.0
2003-04-23,-1.0737931418,112.4986854882,SPY:1.000:x-1.0
2003-04-22,-2.1184286959,113.7198009113,SPY:1.000:x-1.0
2003-04-21,-0.1124206709,116.1810128262,SPY:1.000:x-1.0
2003-04-17,-1.6127305812,116.3117712998,SPY:1.000:x-1.0
2003-04-16,1.9200698207,118.2183142056,SPY:1.000:x-1.0
2003-04-15,-1.0311133505,115.9912021387,SPY:1.000:x-1.0
2003-04-14,-2.1861193741,117.1996635159,SPY:1.000:x-1.0
2003-04-11,0.4402093204,119.8190510038,SPY:1.000:x-1.0
2003-04-10,-0.5817734423,119.2939081016,SPY:1.000:x-1.0
2003-04-09,1.4261520635,119.9919896302,SPY:1.000:x-1.0
2003-04-08,-0.1726224374,118.3047835188,SPY:1.000:x-1.0
2003-04-07,0.2104362093,118.5093572598,SPY:1.000:x-1.0
2003-04-04,-0.6361526057,118.2604943584,SPY:1.000:x-1.0
2003-04-03,0.5165381259,119.0176281009,SPY:1.000:x-1.0
2003-04-02,-2.4939648136,118.4060158855,SPY:1.000:x-1.0
2003-04-01,-1.5339626513,121.4345508554,SPY:1.000:x-1.0
2003-03-31,2.3915031301,123.3263307077,SPY:1.000:x-1.0
2003-03-28,0.5356669318,120.4458640978,SPY:1.000:x-1.0
2003-03-27,-0.0847861799,119.8041130810,SPY:1.000:x-1.0
2003-03-26,0.5398781722,119.9057766084,SPY:1.000:x-1.0
2003-03-25,-1.0073485461,119.2619076015,SPY:1.000:x-1.0
2003-03-24,3.7500455988,120.4755159599,SPY:1.000:x-1.0
2003-03-21,-2.3022915998,116.1209282026,SPY:1.000:x-1.0
2003-03-20,-0.2328930292,118.8573714820,SPY:1.000:x-1.0
2003-03-19,-0.8129077764,119.1348281922,SPY:1.000:x-1.0
2003-03-18,-0.6133894147,120.1112216534,SPY:1.000:x-1.0
2003-03-17,-3.0926784532,120.8525182074,SPY:1.000:x-1.0
2003-03-14,-0.3148966428,124.7093782785,SPY:1.000:x-1.0
2003-03-13,-3.1545637881,125.1033244472,SPY:1.000:x-1.0
2003-03-12,-0.6062285090,129.1783375042,SPY:1.000:x-1.0
2003-03-11,0.9044118856,129.9662298416,SPY:1.000:x-1.0
2003-03-10,2.3133349036,128.8013352567,SPY:1.000:x-1.0
2003-03-07,-0.6551897042,125.8890987945,SPY:1.000:x-1.0
2003-03-06,0.8104601594,126.7193509350,SPY:1.000:x-1.0
2003-03-05,-0.8039445094,125.7005976707,SPY:1.000:x-1.0
2003-03-04,1.5634283386,126.7193509350,SPY:1.000:x-1.0
2003-03-03,0.9545516863,124.7686820028,SPY:1.000:x-1.0
2003-02-28,-0.6381462266,123.5889614868,SPY:1.000:x-1.0
2003-02-27,-1.2375791903,124.3827050256,SPY:1.000:x-1.0
2003-02-26,1.4026758740,125.9413287016,SPY:1.000:x-1.0
2003-02-25,-0.7578004020,124.1992162595,SPY:1.000:x-1.0
2003-02-24,1.5865046691,125.1475851629,SPY:1.000:x-1.0
2003-02-21,-0.9678809374,123.1931205532,SPY:1.000:x-1.0
2003-02-20,0.9773404291,124.3971367263,SPY:1.000:x-1.0
2003-02-19,0.5214992262,123.1931205532,SPY:1.000:x-1.0
2003-02-18,-1.6837021600,122.5540023792,SPY:1.000:x-1.0
2003-02-14,-2.0048947309,124.6527839959,SPY:1.000:x-1.0
2003-02-13,-0.2779977696,127.2030716774,SPY:1.000:x-1.0
2003-02-12,1.5010827482,127.5576791805,SPY:1.000:x-1.0
2003-02-11,0.6572211764,125.6712497313,SPY:1.000:x-1.0
2003-02-10,-0.6643373850,124.8507044627,SPY:1.000:x-1.0
2003-02-07,1.1750062235,125.6856814320,SPY:1.000:x-1.0
2003-02-06,0.4568113236,124.2260179893,SPY:1.000:x-1.0
2003-02-05,0.6122517445,123.6611199904,SPY:1.000:x-1.0
2003-02-04,0.9892939423,122.9086098822,SPY:1.000:x-1.0
2003-02-03,-0.1978055419,121.7045937092,SPY:1.000:x-1.0
2003-01-31,-1.7706670039,121.9458092781,SPY:1.000:x-1.0
2003-01-30,2.2783131751,124.1439858733,SPY:1.000:x-1.0
2003-01-29,-0.7175996532,121.3786012102,SPY:1.000:x-1.0
2003-01-28,-0.6903258721,122.2559091906,SPY:1.000:x-1.0
2003-01-27,1.3099026053,123.1057399636,SPY:1.000:x-1.0
2003-01-24,2.6545297785,121.5140245897,SPY:1.000:x-1.0
2003-01-23,-0.6113738609,118.3718096532,SPY:1.000:x-1.0
2003-01-22,1.2395729062,119.0999556503,SPY:1.000:x-1.0
2003-01-21,1.6431805464,117.6417009983,SPY:1.000:x-1.0
2003-01-17,1.6093181936,115.7398857119,SPY:1.000:x-1.0
2003-01-16,0.4534833405,113.9067634441,SPY:1.000:x-1.0
2003-01-15,1.1183842061,113.3925471334,SPY:1.000:x-1.0
2003-01-14,-0.3592480206,112.1384088796,SPY:1.000:x-1.0
2003-01-13,0.0348906179,112.5427163605,SPY:1.000:x-1.0
2003-01-10,-0.2991616517,112.5034632070,SPY:1.000:x-1.0
2003-01-09,-1.6692320848,112.8410403270,SPY:1.000:x-1.0
2003-01-08,1.6003753323,114.7565942171,SPY:1.000:x-1.0
2003-01-07,0.2753044903,112.9489864990,SPY:1.000:x-1.0
2003-01-06,-1.8906952493,112.6388865865,SPY:1.000:x-1.0
2003-01-03,-0.3288464815,114.8095859743,SPY:1.000:x-1.0
2003-01-02,-3.2172952293,115.1883789054,SPY:1.000:x-1.0
2002-12-31,-0.1220624136,119.0175240280,SPY:1.000:x-1.0
2002-12-30,-0.7328467153,119.1629772341,SPY:1.000:x-1.0
2002-12-27,2.0590601627,120.0427062640,SPY:1.000:x-1.0
2002-12-26,-0.0357451372,117.6208227595,SPY:1.000:x-1.0
2002-12-24,0.6853115393,117.6628815179,SPY:1.000:x-1.0
2002-12-23,-0.0314814260,116.8620126601,SPY:1.000:x-1.0
2002-12-20,-1.2859785424,116.8988140737,SPY:1.000:x-1.0
2002-12-19,0.6523973368,118.4216916174,SPY:1.000:x-1.0
2002-12-18,1.0810159743,117.6541192766,SPY:1.000:x-1.0
2002-12-17,0.8303983483,116.3958614211,SPY:1.000:x-1.0
2002-12-16,-2.3424064520,115.4372722193,SPY:1.000:x-1.0
2002-12-13,1.4712519180,118.2061404806,SPY:1.000:x-1.0
2002-12-12,0.0105315420,116.4922460758,SPY:1.000:x-1.0
2002-12-11,-0.0826794143,116.4799789379,SPY:1.000:x-1.0
2002-12-10,-1.2176650530,116.5763635926,SPY:1.000:x-1.0
2002-12-09,2.6367127964,118.0133711712,SPY:1.000:x-1.0
2002-12-06,-0.6210051195,114.9816356700,SPY:1.000:x-1.0
2002-12-05,1.0669728282,115.7001394593,SPY:1.000:x-1.0
2002-12-04,0.4428248535,114.4786830175,SPY:1.000:x-1.0
2002-12-03,1.3416230366,113.9739779167,SPY:1.000:x-1.0
2002-12-02,-0.1586857090,112.4651199591,SPY:1.000:x-1.0
2002-11-29,0.3621716163,112.6438696823,SPY:1.000:x-1.0
2002-11-27,-3.0239172149,112.2373777571,SPY:1.000:x-1.0
2002-11-26,2.1312335958,115.7371740884,SPY:1.000:x-1.0
2002-11-25,-0.0716896015,113.3220171867,SPY:1.000:x-1.0
2002-11-22,0.8072902896,113.4033155718,SPY:1.000:x-1.0
2002-11-21,-2.0307724188,112.4951531243,SPY:1.000:x-1.0
2002-11-20,-2.3193441738,114.8270287536,SPY:1.000:x-1.0
2002-11-19,0.1385088342,117.5534989833,SPY:1.000:x-1.0
2002-11-18,1.0738736278,117.3909022133,SPY:1.000:x-1.0
2002-11-15,-0.7758635293,116.1436660136,SPY:1.000:x-1.0
2002-11-14,-1.9092721834,117.0518284611,SPY:1.000:x-1.0
2002-11-13,-0.1029182298,119.3301661294,SPY:1.000:x-1.0
2002-11-12,-0.7888539385,119.4531051507,SPY:1.000:x-1.0
2002-11-11,1.5910992137,120.4029082344,SPY:1.000:x-1.0
2002-11-08,1.2862008778,118.5171822791,SPY:1.000:x-1.0
2002-11-07,2.7153574350,117.0121707123,SPY:1.000:x-1.0
2002-11-06,-1.3970651334,113.9188663061,SPY:1.000:x-1.0
2002-11-05,-0.8390346846,115.5329366821,SPY:1.000:x-1.0
2002-11-04,-0.9907997169,116.5105001900,SPY:1.000:x-1.0
2002-11-01,-1.9771071800,117.6764380046,SPY:1.000:x-1.0
2002-10-31,1.2284576251,120.0499542701,SPY:1.000:x-1.0
2002-10-30,-1.1461541460,118.5930884324,SPY:1.000:x-1.0
2002-10-29,1.4053883102,119.9681078747,SPY:1.000:x-1.0
2002-10-28,0.8029807922,118.3054568143,SPY:1.000:x-1.0
2002-10-25,-2.4452824321,117.3630540333,SPY:1.000:x-1.0
2002-10-24,2.5065752770,120.3048473300,SPY:1.000:x-1.0
2002-10-23,-0.9180107792,117.3630540333,SPY:1.000:x-1.0
2002-10-22,0.8863129382,118.4504418576,SPY:1.000:x-1.0
2002-10-21,-2.0427275388,117.4098234021,SPY:1.000:x-1.0
2002-10-18,-0.4911858352,119.8581998581,SPY:1.000:x-1.0
2002-10-17,-2.2321767520,120.4498323732,SPY:1.000:x-1.0
2002-10-16,2.8703088999,123.1998712579,SPY:1.000:x-1.0
2002-10-15,-5.1539900365,119.7623226520,SPY:1.000:x-1.0
2002-10-14,-0.5927944182,126.2702803187,SPY:1.000:x-1.0
2002-10-11,-4.2550191247,127.0232671562,SPY:1.000:x-1.0
2002-10-10,-2.9591365479,132.6683299687,SPY:1.000:x-1.0
2002-10-09,2.7270650665,136.7138803688,SPY:1.000:x-1.0
2002-10-08,-1.4681694628,133.0845773509,SPY:1.000:x-1.0
2002-10-07,2.0170620132,135.0675985875,SPY:1.000:x-1.0
2002-10-04,1.8584484744,132.3970676298,SPY:1.000:x-1.0
2002-10-03,1.0452834991,129.9814297319,SPY:1.000:x-1.0
2002-10-02,3.2994065951,128.6368103793,SPY:1.000:x-1.0
2002-10-01,-4.8051483733,124.5281213314,SPY:1.000:x-1.0
2002-09-30,0.9606527175,130.8139244963,SPY:1.000:x-1.0
2002-09-27,3.0714511778,129.5692143180,SPY:1.000:x-1.0
2002-09-26,-1.4027371205,125.7081498683,SPY:1.000:x-1.0
2002-09-25,-2.0308041693,127.4965918901,SPY:1.000:x-1.0
2002-09-24,1.3619796662,130.1394696661,SPY:1.000:x-1.0
2002-09-23,0.7013685603,128.3908129011,SPY:1.000:x-1.0
2002-09-20,-0.0267399539,127.4965918901,SPY:1.000:x-1.0
2002-09-19,2.3288691607,127.5306935389,SPY:1.000:x-1.0
2002-09-18,0.9189371625,124.6282643254,SPY:1.000:x-1.0
2002-09-17,2.1997146486,123.4934372374,SPY:1.000:x-1.0
2002-09-16,-0.2346279583,120.8354031732,SPY:1.000:x-1.0
2002-09-13,-0.2340787441,121.1195835792,SPY:1.000:x-1.0
2002-09-12,1.8176907066,121.4037639852,SPY:1.000:x-1.0
2002-09-11,0.6203136741,119.2364147553,SPY:1.000:x-1.0
2002-09-10,-1.1192437201,118.5013347718,SPY:1.000:x-1.0
2002-09-09,-0.7048001758,119.8426662882,SPY:1.000:x-1.0
2002-09-06,-1.2876334506,120.6933129702,SPY:1.000:x-1.0
2002-09-05,0.8075601375,122.2676724195,SPY:1.000:x-1.0
2002-09-04,-1.3224821974,121.2881972868,SPY:1.000:x-1.0
2002-09-03,3.8147662176,122.9137092092,SPY:1.000:x-1.0
2002-08-30,0.3990033060,118.3971352896,SPY:1.000:x-1.0
2002-08-29,-0.0455795934,117.9266042400,SPY:1.000:x-1.0
2002-08-28,2.3372426201,117.9803792171,SPY:1.000:x-1.0
2002-08-27,1.2635165910,115.2858687575,SPY:1.000:x-1.0
2002-08-26,-0.7517412269,113.8473881201,SPY:1.000:x-1.0
2002-08-23,2.4283166415,114.7097082886,SPY:1.000:x-1.0
2002-08-22,-1.0738824328,111.9902308754,SPY:1.000:x-1.0
2002-08-21,-1.5466586494,113.2059294648,SPY:1.000:x-1.0
2002-08-20,1.1607866991,114.9843447788,SPY:1.000:x-1.0
2002-08-19,-2.4461000857,113.6649373050,SPY:1.000:x-1.0
2002-08-16,0.3158225441,116.5150110912,SPY:1.000:x-1.0
2002-08-15,-1.4213760615,116.1481889260,SPY:1.000:x-1.0
2002-08-14,-3.4816399736,117.8228953556,SPY:1.000:x-1.0
2002-08-13,1.8001857843,122.0730390812,SPY:1.000:x-1.0
2002-08-12,0.7356974606,119.9143578577,SPY:1.000:x-1.0
2002-08-09,-0.3729064198,119.0385939449,SPY:1.000:x-1.0
2002-08-08,-3.0239735636,119.4841580409,SPY:1.000:x-1.0
2002-08-07,-1.5771225185,123.2099957398,SPY:1.000:x-1.0
2002-08-06,-2.8613156091,125.1843056132,SPY:1.000:x-1.0
2002-08-05,3.1608400209,128.8717326142,SPY:1.000:x-1.0
2002-08-02,2.1274591387,124.9231128673,SPY:1.000:x-1.0
2002-08-01,2.6099144528,122.3207880828,SPY:1.000:x-1.0
2002-07-31,-0.2045523187,119.2095215507,SPY:1.000:x-1.0
2002-07-30,-1.0823069298,119.4538672059,SPY:1.000:x-1.0
2002-07-29,-3.7121786658,120.7608704755,SPY:1.000:x-1.0
2002-07-26,-1.4052186469,125.4165571535,SPY:1.000:x-1.0
2002-07-25,0.6357196606,127.2040522147,SPY:1.000:x-1.0
2002-07-24,-4.0435226452,126.4004993890,SPY:1.000:x-1.0
2002-07-23,1.9456043050,131.7269066909,SPY:1.000:x-1.0
2002-07-22,2.2170619065,129.2129342790,SPY:1.000:x-1.0
2002-07-19,2.8060816218,126.4103388114,SPY:1.000:x-1.0
2002-07-18,2.7418846517,122.9599813720,SPY:1.000:x-1.0
2002-07-17,-0.1668923818,119.6785340163,SPY:1.000:x-1.0
2002-07-16,1.6859324792,119.8786022709,SPY:1.000:x-1.0
2002-07-15,-0.4624565582,117.8910389551,SPY:1.000:x-1.0
2002-07-12,0.9716474667,118.4387667995,SPY:1.000:x-1.0
2002-07-11,-0.7093379975,117.2990337100,SPY:1.000:x-1.0
2002-07-10,3.4017999397,118.1370245139,SPY:1.000:x-1.0
2002-07-09,2.4724951462,114.2504526834,SPY:1.000:x-1.0
2002-07-08,1.2585079606,111.4937745201,SPY:1.000:x-1.0
2002-07-05,-3.7114052573,110.1080558717,SPY:1.000:x-1.0
2002-07-03,-0.5235527404,114.3521267144,SPY:1.000:x-1.0
2002-07-02,2.0408757424,114.9539713819,SPY:1.000:x-1.0
2002-07-01,1.9500756879,112.6548263581,SPY:1.000:x-1.0
2002-06-28,0.4125804918,110.4999928622,SPY:1.000:x-1.0
2002-06-27,-1.4752811265,110.0459646800,SPY:1.000:x-1.0
2002-06-26,-0.1378403328,111.6937616653,SPY:1.000:x-1.0
2002-06-25,1.9664225294,111.8479332288,SPY:1.000:x-1.0
2002-06-24,-0.4543937566,109.6909457586,SPY:1.000:x-1.0
2002-06-21,1.3991748123,110.1916497353,SPY:1.000:x-1.0
2002-06-20,1.1706302178,108.6711503711,SPY:1.000:x-1.0
2002-06-19,2.2374798061,107.4137327574,SPY:1.000:x-1.0
2002-06-18,-0.7708029977,105.0629700195,SPY:1.000:x-1.0
2002-06-17,-2.4054131574,105.8790892131,SPY:1.000:x-1.0
2002-06-14,0.1318520646,108.4886904474,SPY:1.000:x-1.0
2002-06-13,0.9209243498,108.3458342281,SPY:1.000:x-1.0
2002-06-12,-0.5503000445,107.3571560369,SPY:1.000:x-1.0
2002-06-11,1.6068694668,107.9512116024,SPY:1.000:x-1.0
2002-06-10,-0.3594831932,106.2440090605,SPY:1.000:x-1.0
2002-06-07,0.1075625788,106.6273163421,SPY:1.000:x-1.0
2002-06-06,1.9757332828,106.5127484830,SPY:1.000:x-1.0
2002-06-05,-0.8924856733,104.4491126018,SPY:1.000:x-1.0
2002-06-04,-0.2356501131,105.3897005805,SPY:1.000:x-1.0
2002-06-03,2.6583096230,105.6386381509,SPY:1.000:x-1.0
2002-05-31,-0.2033319326,102.9031537134,SPY:1.000:x-1.0
2002-05-30,0.2772982451,103.1128149928,SPY:1.000:x-1.0
2002-05-29,0.7435911481,102.8276756527,SPY:1.000:x-1.0
2002-05-28,0.5507821106,102.0687018210,SPY:1.000:x-1.0
2002-05-24,1.3353426263,101.5096050757,SPY:1.000:x-1.0
2002-05-23,-1.0862064206,100.1719661126,SPY:1.000:x-1.0
2002-05-22,-0.2244653456,101.2719889590,SPY:1.000:x-1.0
2002-05-21,0.9424651441,101.4998208827,SPY:1.000:x-1.0
2002-05-20,1.1458860582,100.5521518994,SPY:1.000:x-1.0
2002-05-17,-0.5133513309,99.4129922809,SPY:1.000:x-1.0
2002-05-16,-0.5384123097,99.9259635447,SPY:1.000:x-1.0
2002-05-15,0.4079009862,100.4668896457,SPY:1.000:x-1.0
2002-05-14,-2.1781907625,100.0587490217,SPY:1.000:x-1.0
2002-05-13,-1.9547421589,102.2867495517,SPY:1.000:x-1.0
2002-05-10,1.8795555677,104.3260549301,SPY:1.000:x-1.0
2002-05-09,1.1808250584,102.4013643845,SPY:1.000:x-1.0
2002-05-08,-3.5345057288,101.2062950914,SPY:1.000:x-1.0
2002-05-07,0.3355211271,104.9145042546,SPY:1.000:x-1.0
2002-05-06,1.9515652044,104.5636710469,SPY:1.000:x-1.0
2002-05-03,1.1036706349,102.5621046987,SPY:1.000:x-1.0
2002-05-02,0.3942399469,101.4425134663,SPY:1.000:x-1.0
2002-05-01,-1.2242611393,101.0441570353,SPY:1.000:x-1.0
2002-04-30,-0.8190195889,102.2965337447,SPY:1.000:x-1.0
2002-04-29,0.4361310331,103.1412810407,SPY:1.000:x-1.0
2002-04-26,1.7391197170,102.6934032402,SPY:1.000:x-1.0
2002-04-25,-0.0492774691,100.9379710831,SPY:1.000:x-1.0
2002-04-24,0.9363342452,100.9877352832,SPY:1.000:x-1.0
2002-04-23,0.4070217494,100.0509242171,SPY:1.000:x-1.0
2002-04-22,1.6176302668,99.6453459866,SPY:1.000:x-1.0
2002-04-19,-0.3514671859,98.0591121098,SPY:1.000:x-1.0
2002-04-18,0.4215070145,98.4049733002,SPY:1.000:x-1.0
2002-04-17,0.2073738582,97.9919304397,SPY:1.000:x-1.0
2002-04-16,-2.2192919165,97.7891413244,SPY:1.000:x-1.0
2002-04-15,0.7229761055,100.0086246470,SPY:1.000:x-1.0
2002-04-12,-0.7017281923,99.2907760612,SPY:1.000:x-1.0
2002-04-11,2.4394906894,99.9924512820,SPY:1.000:x-1.0
2002-04-10,-1.0867235663,97.6112343092,SPY:1.000:x-1.0
2002-04-09,0.6803325506,98.6836528205,SPY:1.000:x-1.0
2002-04-08,-0.2064650149,98.0168125397,SPY:1.000:x-1.0
2002-04-05,-0.0164638239,98.2196016549,SPY:1.000:x-1.0
2002-04-04,0.4056356654,98.2357750200,SPY:1.000:x-1.0
2002-04-03,0.6939820743,97.8389055245,SPY:1.000:x-1.0
2002-04-02,0.5510351221,97.1646006137,SPY:1.000:x-1.0
2002-04-01,-0.0437546650,96.6321236731,SPY:1.000:x-1.0
2002-03-28,0.0467868446,96.6744232431,SPY:1.000:x-1.0
2002-03-27,-0.2799352307,96.6292134831,SPY:1.000:x-1.0
2002-03-26,-0.6110035187,96.9004720431,SPY:1.000:x-1.0
2002-03-25,1.3420685270,97.4961771159,SPY:1.000:x-1.0
2002-03-22,0.2341303926,96.2050395585,SPY:1.000:x-1.0
2002-03-21,-0.0456968774,95.9803204574,SPY:1.000:x-1.0
2002-03-20,2.1197465920,96.0242005186,SPY:1.000:x-1.0
2002-03-19,-0.7425082462,94.0309819826,SPY:1.000:x-1.0
2002-03-18,-0.0196466411,94.7343926601,SPY:1.000:x-1.0
2002-03-15,-1.0360391639,94.7530084436,SPY:1.000:x-1.0
2002-03-14,0.1502148907,95.7449637657,SPY:1.000:x-1.0
2002-03-13,1.0754653321,95.6013562928,SPY:1.000:x-1.0
2002-03-12,0.0661180277,94.5841366930,SPY:1.000:x-1.0
2002-03-11,-0.2371796671,94.5216408483,SPY:1.000:x-1.0
2002-03-08,-0.4637778337,94.7463599495,SPY:1.000:x-1.0
2002-03-07,0.2380418954,95.1878199588,SPY:1.000:x-1.0
2002-03-06,-1.2813955739,94.9617711588,SPY:1.000:x-1.0
2002-03-05,0.3467743054,96.1944019680,SPY:1.000:x-1.0
2002-03-04,-1.8515241038,95.8619772622,SPY:1.000:x-1.0
2002-03-01,-2.3296323383,97.6703676617,SPY:1.000:x-1.0
2002-02-28,0.0000000000,100.0000000000,SPY:0.000:x-1.0
2002-02-27,0.0000000000,0.0000000000,SPY:0.000:x-1.0
2002-02-26,0.0000000000,0.0000000000,SPY:0.000:x-1.0
2002-02-25,0.0000000000,0.0000000000,SPY:0.000:x-1.0
2002-02-22,0.0000000000,0.0000000000,SPY:0.000:x-1.0
2002-02-21,0.0000000000,0.0000000000,SPY:0.000:x-1.0
2002-02-20,0.0000000000,0.0000000000,SPY:0.000:x-1.0
2002-02-19,0.0000000000,0.0000000000,SPY:0.000:x-1.0
2002-02-15,0.0000000000,0.0000000000,SPY:0.000:x-1.0
2002-02-14,0.0000000000,0.0000000000,SPY:0.000:x-1.0
2002-02-13,0.0000000000,0.0000000000,SPY:0.000:x-1.0
2002-02-12,0.0000000000,0.0000000000,SPY:0.000:x-1.0
2002-02-11,0.0000000000,0.0000000000,SPY:0.000:x-1.0
2002-02-08,0.0000000000,0.0000000000,SPY:0.000:x-1.0
2002-02-07,0.0000000000,0.0000000000,SPY:0.000:x-1.0
2002-02-06,0.0000000000,0.0000000000,SPY:0.000:x-1.0
2002-02-05,0.0000000000,0.0000000000,SPY:0.000:x-1.0
2002-02-04,0.0000000000,0.0000000000,SPY:0.000:x-1.0
2002-02-01,0.0000000000,0.0000000000,SPY:0.000:x-1.0
2002-01-31,0.0000000000,0.0000000000,SPY:0.000:x-1.0
